128 128
94 6 20 93 47 8 74 5 75 1 42 74 74 31 35 57 32 83 87 19 73 84 68 13 38 15 34 63 38 77 60 31 83 81 24 96 55 64 0 29 65 42 2 39 39 4 62 71 87 49 56 25 32 24 38 37 39 72 100 77 14 60 75 97 6 65 92 61 28 59 91 93 67 59 98 6 29 60 43 82 8 100 7 6 90 11 43 95 50 9 37 64 35 11 27 41 76 85 1 3 43 58 63 10 84 60 16 12 86 59 61 94 24 34 67 13 45 9 74 95 18 11 25 53 89 52 94 31 
36 62 0 46 19 63 56 2 90 38 82 75 63 42 35 54 76 1 33 20 77 7 82 96 85 6 14 73 24 75 3 60 36 4 72 55 33 94 24 22 31 5 64 61 13 65 14 89 32 47 75 8 20 22 70 4 95 85 78 18 59 47 45 95 17 16 15 51 10 5 39 41 77 69 68 90 33 82 44 65 96 86 74 15 7 43 20 2 94 64 87 52 77 31 12 95 48 28 11 58 33 50 65 10 86 33 66 18 81 10 50 42 62 23 58 35 32 44 37 93 7 91 44 84 21 57 44 69 
51 55 93 84 72 58 60 57 57 93 75 3 69 24 46 30 13 3 65 12 47 69 4 20 59 14 3 80 71 14 15 88 69 7 72 40 31 98 63 88 90 38 92 58 28 37 54 8 6 19 87 19 54 91 39 12 71 8 58 8 22 39 96 92 47 33 98 78 31 61 32 87 65 90 11 59 93 65 67 99 50 19 17 3 76 22 82 47 30 6 55 53 45 50 10 58 84 74 2 81 0 0 33 65 90 44 91 82 76 23 46 25 43 29 96 18 51 43 65 81 15 86 100 27 2 76 85 52 
50 53 32 50 53 65 82 8 76 72 56 51 95 1 42 3 97 3 22 47 13 53 95 28 39 60 55 7 36 6 59 86 59 91 1 79 21 83 87 97 20 9 13 82 10 56 85 74 59 6 20 72 26 81 67 31 41 88 38 43 94 97 95 19 53 96 64 40 45 16 3 65 25 16 12 36 72 98 76 98 70 62 35 62 43 1 93 50 90 97 93 83 59 87 68 11 48 31 18 93 48 21 24 73 37 36 75 76 100 50 73 36 12 7 98 21 9 91 37 65 87 29 13 12 82 82 23 29 
79 7 89 93 28 79 32 32 14 73 7 81 23 46 16 1 53 80 89 28 70 25 59 23 54 73 35 1 20 24 30 99 99 85 58 26 63 90 24 44 62 31 24 51 77 6 18 97 86 6 91 22 31 50 11 51 22 46 18 42 36 15 6 34 100 64 27 63 19 51 6 82 49 97 99 25 69 17 88 54 23 45 76 21 95 87 38 83 99 57 91 1 72 63 35 71 27 28 100 46 80 5 94 28 68 93 19 36 9 74 57 99 18 99 19 79 52 24 27 50 81 17 51 52 80 53 89 73 
81 89 86 26 60 79 54 28 37 74 64 12 13 20 11 31 86 97 76 37 20 2 87 0 19 4 18 65 23 7 4 70 62 90 97 21 34 50 49 72 90 80 84 69 66 61 100 51 58 75 88 44 43 41 11 28 11 29 94 34 2 98 3 64 53 66 52 87 83 0 24 38 46 75 7 79 35 6 29 59 48 84 3 91 91 14 19 1 9 79 35 79 42 4 42 95 37 60 47 19 27 38 57 73 12 30 51 47 3 47 6 51 97 76 7 87 90 93 88 99 71 89 77 79 59 86 39 96 
45 53 81 72 91 4 11 2 34 28 49 37 41 21 54 37 97 62 23 52 20 77 17 58 65 60 36 91 45 42 52 57 95 33 95 85 37 72 87 37 0 1 75 41 90 28 45 52 56 68 4 77 11 21 34 76 81 36 32 93 78 85 15 72 17 9 22 20 48 75 57 48 43 31 55 32 26 100 84 82 34 54 24 11 75 58 87 56 61 86 14 38 70 29 77 53 4 99 73 52 74 29 66 83 27 88 14 53 53 64 0 87 85 25 98 59 49 51 81 9 2 95 48 72 90 91 24 95 
89 97 12 28 92 79 10 85 66 91 3 18 21 71 72 5 96 35 30 10 52 11 20 54 72 34 92 62 24 15 22 12 78 34 7 36 79 84 87 10 41 91 96 62 61 67 33 22 68 63 32 87 74 18 6 12 52 99 40 76 80 62 55 24 62 28 26 41 11 12 17 52 69 12 13 96 45 12 17 13 76 16 66 15 34 72 27 87 36 33 28 16 95 83 6 23 77 32 30 89 10 47 40 80 60 20 75 4 32 59 84 74 41 49 90 41 88 83 27 23 16 22 5 77 71 78 100 48 
9 96 36 87 43 42 66 69 28 6 39 27 31 23 0 72 38 56 80 25 39 6 15 21 95 20 98 66 65 64 13 74 25 15 60 68 57 92 2 52 65 42 79 96 31 79 34 69 1 13 61 40 86 76 27 81 62 91 12 26 54 25 67 46 40 93 13 63 85 83 14 49 24 93 10 55 38 10 90 39 23 50 45 76 25 72 22 54 62 34 46 83 59 12 28 65 5 7 94 56 90 8 71 80 67 81 34 4 58 24 9 47 40 54 22 32 92 44 86 20 78 98 2 2 10 97 67 82 
70 61 3 26 35 74 5 1 20 6 73 44 30 48 92 36 2 13 68 60 58 53 80 1 51 48 4 27 44 37 75 81 64 78 6 99 17 11 67 3 17 5 48 13 53 39 50 21 18 17 82 42 37 27 44 54 76 14 47 86 51 21 66 82 65 38 46 48 50 12 17 33 17 31 13 37 36 63 58 55 46 5 97 49 33 6 2 75 20 49 60 38 36 93 86 67 97 31 14 46 10 99 46 94 29 59 30 66 88 89 20 33 94 83 83 93 90 51 67 76 67 94 80 2 52 65 70 48 
63 50 61 73 48 6 66 78 31 97 9 18 51 29 17 10 78 66 3 33 17 70 9 84 29 55 52 81 87 21 29 49 38 56 21 86 28 87 29 59 49 38 43 100 33 60 10 78 26 13 10 9 49 86 93 79 41 44 25 94 32 20 42 70 76 63 21 3 15 17 28 65 21 71 30 21 98 6 99 90 19 75 99 35 61 91 80 68 0 71 61 32 92 2 68 33 31 56 3 12 73 31 77 60 69 74 81 66 80 45 55 66 20 19 0 47 9 46 81 76 16 41 75 74 9 8 7 6 
64 10 18 2 41 62 63 76 35 9 7 81 55 62 46 41 81 12 54 56 58 34 99 41 41 73 14 16 81 21 22 11 31 6 13 39 68 42 81 69 18 89 50 39 16 96 80 64 75 100 86 99 33 84 39 74 56 20 90 3 7 78 14 5 84 94 10 18 2 91 87 20 79 2 59 96 99 4 59 39 3 10 37 2 95 77 76 50 63 31 19 70 8 33 75 58 94 85 76 96 76 29 15 20 31 40 82 96 44 6 34 13 17 72 15 11 14 57 27 77 88 47 12 62 46 54 86 39 
38 62 34 80 91 15 67 88 55 48 84 65 55 17 78 72 89 59 83 69 82 9 11 35 22 24 97 69 78 83 7 82 10 8 62 67 23 95 54 79 42 37 9 97 55 54 68 9 12 16 79 95 93 56 29 14 80 93 83 57 41 57 5 51 65 33 17 54 27 37 99 69 75 8 66 96 62 100 71 74 16 15 34 8 72 30 22 51 89 72 75 29 95 80 46 25 12 29 79 39 66 78 7 6 86 39 1 47 39 39 87 21 54 88 96 25 84 17 43 72 55 84 0 15 63 46 40 41 
75 19 46 6 63 19 13 14 59 81 27 64 19 80 51 40 67 46 65 50 29 74 21 85 57 88 100 86 100 6 26 74 92 72 47 54 92 26 34 16 6 61 46 93 40 97 32 74 42 63 23 71 37 11 21 94 65 88 80 65 94 72 4 85 44 51 4 1 77 38 84 84 65 29 42 4 25 74 44 67 36 34 37 73 45 59 33 9 12 79 74 5 50 79 56 60 96 60 27 73 64 10 22 28 39 64 32 64 3 43 30 39 77 34 79 21 59 78 97 71 56 37 76 72 82 31 99 77 
57 25 49 20 36 37 48 75 67 46 39 70 89 35 76 65 35 20 52 94 98 15 30 19 52 72 57 33 69 55 9 25 81 25 45 83 28 59 57 96 72 62 31 26 98 73 58 99 93 9 93 56 24 22 41 42 95 99 41 63 19 51 55 100 42 66 48 36 92 5 98 63 67 29 89 30 1 46 29 61 22 88 16 12 76 58 55 36 22 96 66 41 12 20 7 20 52 55 57 43 60 54 5 94 49 61 90 17 73 85 78 95 38 94 74 14 17 95 16 39 56 82 81 69 68 88 55 20 
42 78 63 69 99 35 28 47 62 17 64 34 69 41 96 6 1 69 87 18 29 3 58 85 85 38 19 53 25 75 73 33 18 1 1 16 36 96 64 64 13 27 99 82 35 60 54 36 28 41 54 23 44 11 7 28 15 27 47 40 68 86 40 86 88 7 2 90 3 32 54 16 25 18 64 60 78 84 96 72 24 16 95 34 94 68 29 9 61 76 49 28 28 55 81 82 63 49 71 66 81 91 48 5 8 78 32 52 61 94 23 52 9 84 86 3 52 14 12 12 57 27 7 51 83 88 32 11 
2 2 77 83 60 24 54 34 68 52 53 28 46 76 46 21 26 32 24 44 12 2 56 35 97 29 86 45 83 84 56 85 53 99 33 12 89 54 12 56 5 65 50 51 7 97 73 33 95 63 77 73 32 99 75 28 28 26 39 10 10 95 62 63 59 95 41 47 48 53 2 20 18 18 71 25 81 9 24 75 39 67 14 71 65 89 65 59 81 3 36 91 64 98 53 22 58 60 35 73 13 3 93 31 21 29 22 2 5 46 43 44 12 57 81 43 11 45 2 93 14 38 49 44 1 2 66 59 
62 67 98 41 70 90 38 91 86 60 59 91 72 2 0 50 25 81 94 37 25 62 29 5 66 78 49 67 46 81 92 75 47 90 82 16 45 20 73 30 80 32 87 18 0 87 68 25 67 27 62 58 89 57 29 54 1 78 87 13 24 45 54 71 0 36 53 45 56 93 42 1 91 95 19 91 82 54 15 14 81 44 39 36 67 68 56 68 12 43 82 36 54 1 74 54 37 26 65 59 85 73 61 75 68 46 65 15 66 47 29 13 91 68 49 57 36 4 92 14 13 39 50 33 40 23 87 44 
16 18 2 0 91 29 76 58 42 6 73 7 53 69 20 9 2 35 33 4 6 91 18 86 29 69 19 35 92 72 79 7 90 82 75 81 77 50 4 18 22 44 93 42 79 79 51 81 14 50 86 87 40 3 72 35 72 91 71 30 29 49 3 18 97 78 65 74 94 36 58 16 46 50 58 24 29 75 4 43 92 90 29 31 94 67 33 31 24 3 61 53 18 65 37 15 42 69 55 2 4 12 85 16 63 42 40 92 83 44 0 74 0 96 72 94 62 4 91 86 74 52 38 92 83 42 6 91 
10 61 93 14 40 77 30 2 85 36 94 34 46 60 74 46 55 45 5 16 15 97 2 89 14 6 47 97 48 53 87 58 81 80 38 20 22 34 89 7 70 48 41 16 7 81 28 62 26 34 78 7 30 46 63 44 53 9 40 0 28 93 25 75 72 63 61 95 64 49 68 100 97 75 15 3 55 10 65 47 44 9 21 40 55 84 50 74 59 56 41 87 48 32 28 20 61 89 81 24 38 14 24 34 89 5 38 43 15 69 57 25 44 78 65 66 27 81 39 86 36 46 38 85 78 66 71 39 
55 17 63 59 31 53 93 19 59 97 28 40 32 85 32 76 28 97 41 55 78 47 40 80 93 45 64 71 10 0 9 31 17 38 90 14 92 49 100 16 11 28 22 43 79 54 86 7 17 26 28 95 73 69 74 32 80 4 2 90 71 78 88 89 15 43 69 73 92 69 89 70 97 78 12 41 31 64 14 48 91 43 8 29 78 49 27 57 53 29 12 90 73 66 78 89 9 13 27 67 82 83 36 44 60 15 85 91 79 66 5 35 75 13 65 52 62 92 75 81 88 53 71 60 19 14 14 28 
27 8 95 75 91 98 18 50 12 70 6 57 35 11 93 9 92 23 27 53 81 68 0 34 20 37 61 39 17 41 33 45 49 95 86 39 92 4 89 70 74 96 26 75 73 85 50 64 7 77 84 55 10 50 89 30 87 49 70 3 91 69 14 39 63 0 79 20 4 33 56 44 95 83 18 68 33 34 31 7 77 81 62 87 30 50 16 16 100 52 87 56 21 0 95 50 0 39 71 71 73 26 14 67 75 99 0 8 99 99 15 75 79 43 61 9 93 78 92 58 96 78 13 16 79 75 33 45 
13 3 16 52 96 97 86 71 62 86 45 60 84 26 1 29 69 62 38 61 5 96 86 1 74 99 84 18 73 16 63 53 19 45 4 82 8 90 18 70 42 63 96 92 55 63 20 23 25 24 50 30 20 35 31 94 0 82 78 73 98 40 25 84 86 97 65 60 52 83 96 94 11 57 86 66 20 5 55 45 97 71 41 16 73 39 76 73 20 53 11 17 59 3 0 10 100 31 70 51 13 65 11 24 22 97 56 42 68 10 53 30 48 94 46 20 32 88 93 18 6 70 36 66 39 2 42 38 
34 12 56 13 43 33 4 31 29 60 39 63 37 92 94 51 52 5 71 50 60 29 69 32 99 71 64 38 73 6 42 73 85 64 87 27 97 57 25 92 83 64 21 19 56 81 70 74 52 6 23 78 35 58 10 0 28 74 4 68 46 12 6 30 43 59 24 39 15 49 98 99 12 85 84 34 65 20 7 83 26 98 61 28 55 71 95 50 44 65 84 57 77 90 87 19 49 10 25 30 59 89 28 38 73 79 72 37 99 80 19 91 43 46 85 64 16 79 80 27 43 63 84 87 19 70 72 34 
47 97 64 72 51 59 9 23 3 82 26 1 27 12 58 70 58 43 100 75 88 80 68 98 8 51 84 27 87 21 27 33 18 58 5 69 83 81 59 86 62 85 87 89 97 10 24 55 19 24 96 7 70 63 71 78 80 20 72 66 41 99 66 25 56 37 61 38 17 19 23 80 70 76 34 67 53 25 88 72 15 83 45 85 11 15 62 91 35 33 22 43 99 88 68 54 24 28 59 8 13 48 88 84 91 88 50 43 12 3 14 27 52 26 11 63 41 40 19 43 73 41 86 37 96 19 58 86 
48 16 94 61 30 81 10 20 35 60 29 47 29 10 41 81 36 18 9 77 58 28 86 98 36 71 34 31 57 92 83 4 74 77 31 71 23 42 91 58 68 87 72 98 97 79 44 32 97 54 75 21 48 61 85 50 98 85 47 54 77 30 24 16 6 22 87 29 64 44 54 98 97 25 61 93 3 5 24 66 25 65 87 73 92 37 23 90 22 70 9 99 100 0 81 72 22 34 68 52 44 21 15 40 12 77 32 82 82 22 47 73 87 0 45 45 37 34 34 59 71 9 23 36 9 4 8 98 
4 76 15 48 63 31 88 75 7 86 56 55 7 69 27 60 69 38 4 6 39 4 31 9 81 55 11 56 25 86 54 96 27 69 43 90 100 97 64 73 82 86 27 55 55 54 81 23 59 52 96 98 22 94 73 2 48 84 59 39 70 79 34 97 13 43 53 80 5 83 52 53 69 46 74 23 66 54 12 24 72 75 21 95 68 94 63 82 44 21 87 13 66 87 76 80 96 28 25 0 78 77 53 46 22 93 35 89 12 47 79 85 88 0 79 55 60 7 2 3 29 89 83 61 75 25 6 70 
19 31 36 97 8 55 42 97 47 43 51 60 57 30 44 44 97 89 66 56 96 68 26 91 23 75 18 64 66 24 34 86 56 36 48 30 92 57 93 4 100 44 64 56 74 74 0 70 28 66 92 91 100 84 47 22 25 65 87 91 90 87 76 11 89 91 41 80 47 33 85 46 43 14 2 83 89 69 18 83 0 77 73 100 60 20 89 85 85 41 42 40 94 84 51 82 74 58 62 20 58 12 67 0 93 35 84 81 70 68 30 70 44 2 35 4 89 90 55 40 30 97 80 23 81 98 72 20 
21 100 41 79 11 74 46 3 75 96 51 44 63 47 80 7 49 14 78 4 71 32 44 0 96 90 91 42 53 62 62 75 27 69 53 38 42 99 7 16 60 24 26 23 37 5 30 87 87 7 57 57 5 0 23 67 56 13 8 9 41 37 50 68 5 2 72 14 68 46 97 27 36 23 16 74 28 46 26 14 19 83 71 92 49 95 58 71 74 33 46 82 70 96 15 41 65 54 55 32 66 18 25 1 41 42 41 35 54 33 50 40 82 87 98 30 47 21 68 88 54 13 69 90 9 84 98 74 
3 18 72 69 36 63 37 77 71 78 12 92 11 28 31 93 81 95 90 28 15 57 15 70 36 50 25 45 100 89 85 3 7 56 72 43 19 8 87 56 53 65 47 64 59 44 22 39 38 78 67 54 34 48 90 71 98 14 82 98 70 67 0 77 89 38 86 74 47 72 30 100 2 77 29 61 21 17 0 59 96 33 12 96 48 68 66 45 83 14 8 18 81 75 95 69 13 80 43 26 18 39 92 20 15 20 48 2 37 48 62 99 47 40 95 95 8 26 6 57 40 81 75 87 56 35 22 35 
14 31 61 99 70 52 19 51 38 67 54 41 81 82 40 94 21 0 55 96 26 61 18 33 7 93 19 63 94 7 64 75 38 24 73 7 42 58 25 46 91 79 54 71 60 60 31 47 60 86 9 52 12 27 85 19 87 71 49 80 78 12 54 83 3 27 56 45 85 81 58 42 59 11 12 85 71 43 99 97 95 7 48 6 34 100 26 20 70 75 0 13 87 20 96 90 13 18 1 65 99 59 6 24 36 18 8 6 28 6 2 22 80 16 29 14 15 21 34 85 96 0 65 48 88 60 4 0 
78 5 65 43 30 71 67 66 56 41 38 84 14 40 72 94 56 67 74 38 88 8 22 49 75 87 64 62 13 68 63 57 39 27 66 35 65 32 0 20 40 38 70 20 44 41 13 66 75 88 3 62 62 93 78 2 45 41 65 24 75 94 48 13 87 13 48 51 12 14 71 52 52 40 72 62 48 51 94 22 38 98 50 66 56 27 69 0 34 100 25 8 93 39 21 45 52 35 97 64 49 33 15 67 40 53 28 88 4 22 76 8 86 25 75 41 53 9 7 53 75 99 62 33 37 83 78 90 
18 40 53 67 40 35 0 80 88 28 33 58 16 8 67 1 100 7 8 18 83 16 72 57 14 33 90 18 15 67 7 100 74 26 33 13 61 33 93 15 27 92 73 44 100 5 11 65 12 87 84 95 2 55 17 83 88 6 67 69 40 74 35 13 67 34 26 94 67 85 8 60 76 48 70 41 53 82 5 32 68 55 93 36 9 10 85 97 16 52 32 22 92 33 35 58 67 27 52 100 11 26 59 53 74 29 60 94 77 32 25 10 87 17 12 97 94 97 59 77 48 57 99 6 90 34 64 56 
61 15 55 39 8 81 58 82 9 18 75 52 50 66 62 36 84 74 99 43 36 58 19 51 81 18 57 71 18 20 26 45 2 48 84 10 28 42 58 3 26 33 55 42 99 83 78 48 22 43 92 58 67 77 75 47 95 31 17 12 18 10 58 20 58 7 97 86 15 54 89 7 53 9 49 18 58 27 32 80 36 90 3 2 67 79 49 27 9 67 40 94 77 64 13 0 37 76 86 53 97 40 60 15 49 9 100 73 2 32 52 38 88 21 40 20 100 55 48 76 88 54 69 30 17 49 30 54 
91 82 73 87 21 33 69 36 8 68 8 77 66 26 14 20 48 20 40 13 41 88 89 29 41 24 59 24 73 56 79 63 37 17 16 25 16 51 61 24 85 36 0 51 62 81 37 9 67 77 23 75 31 78 3 38 1 28 63 40 50 7 70 88 24 52 12 41 2 39 31 87 75 99 3 3 45 40 79 79 84 68 53 14 46 22 52 13 16 81 54 67 88 23 20 79 75 32 19 77 37 16 29 12 14 33 15 60 39 60 38 22 28 57 2 74 79 21 87 95 1 40 61 56 29 81 34 70 
79 19 46 16 35 42 95 16 75 76 76 80 35 80 2 63 36 71 2 14 92 90 75 94 96 36 49 92 83 49 61 28 68 74 10 69 15 4 85 56 46 26 35 81 5 3 44 41 75 12 21 66 1 97 25 64 99 40 55 47 89 15 75 22 89 51 58 70 55 42 25 0 35 27 48 40 30 58 48 71 70 35 37 38 31 62 1 96 69 56 9 23 37 84 46 93 1 70 62 56 78 54 23 12 81 71 19 77 95 33 48 64 68 51 1 66 79 2 61 47 24 70 71 28 20 83 87 21 
52 48 43 29 68 32 8 14 69 27 92 63 60 5 94 27 56 95 59 34 64 20 82 54 56 18 48 42 0 34 29 18 83 39 47 16 71 55 31 6 48 89 69 7 94 62 1 49 23 60 49 53 46 97 73 69 14 21 10 81 55 6 99 3 45 12 20 82 33 17 88 82 5 57 89 99 85 90 13 74 16 28 93 62 25 66 30 5 87 7 53 7 13 51 11 58 29 98 39 63 81 94 44 86 16 99 50 0 89 29 41 4 57 33 32 48 65 63 20 17 70 73 25 83 90 2 6 19 
100 11 82 80 4 92 31 20 90 81 88 44 76 28 14 32 27 47 47 93 9 67 76 45 39 0 94 95 2 66 13 68 77 61 13 82 18 44 68 8 91 55 18 32 49 33 31 43 80 78 1 55 44 77 100 49 44 59 9 46 24 23 81 0 50 94 48 35 4 83 43 61 3 61 94 19 60 24 28 39 1 29 60 11 72 25 26 15 84 35 28 74 24 8 75 41 68 89 76 72 37 85 100 41 11 93 60 72 83 88 77 84 83 37 61 20 62 53 36 12 54 30 86 45 38 26 86 72 
82 27 44 18 78 9 59 55 1 85 26 84 38 70 33 87 73 60 7 0 12 9 79 32 39 65 77 77 57 62 14 38 55 24 57 32 33 82 88 34 33 80 84 71 15 83 58 88 42 31 55 20 40 33 53 79 98 96 21 55 58 35 59 79 60 15 78 93 64 31 94 97 77 43 33 93 26 91 46 34 21 0 21 27 0 40 5 64 35 26 85 59 62 44 38 88 25 15 80 89 12 39 85 89 83 18 81 75 75 27 8 63 94 96 90 94 35 96 58 71 88 8 29 15 52 33 2 78 
48 83 66 26 21 17 15 70 1 96 44 42 89 19 4 49 14 61 8 50 56 32 87 9 41 15 25 93 49 27 70 63 76 2 90 98 86 4 33 87 66 78 28 55 63 100 70 77 60 78 93 82 10 45 91 51 61 82 43 76 9 80 4 85 48 94 48 33 64 82 86 30 25 80 51 88 45 87 30 71 64 90 52 74 34 9 24 61 91 34 36 100 80 41 51 27 0 99 26 65 80 78 61 71 23 78 58 69 64 55 39 27 44 58 68 78 67 58 5 23 58 41 90 37 48 40 30 49 
38 22 80 85 100 6 55 23 84 80 58 13 34 63 6 44 20 74 88 53 99 93 77 56 34 66 60 82 72 90 30 9 12 76 60 11 82 15 0 65 95 24 44 95 88 51 38 74 91 25 27 89 18 70 11 52 1 71 100 73 60 97 48 38 72 8 50 54 23 16 85 84 7 29 78 95 46 15 34 36 6 61 92 24 97 2 42 98 39 42 36 65 38 85 3 9 93 19 29 82 35 14 31 42 9 8 2 55 90 37 91 96 64 48 20 61 16 28 24 55 70 27 20 7 11 23 84 70 
42 12 17 43 93 48 52 1 22 54 56 78 57 13 73 21 61 59 48 44 88 38 99 23 65 85 98 42 74 81 11 82 59 95 92 52 8 43 53 30 63 9 74 20 89 13 7 49 38 55 93 92 93 58 15 58 8 12 100 49 93 78 30 17 38 88 69 47 30 89 43 60 98 17 80 52 30 87 0 34 7 60 26 100 84 41 23 58 53 23 6 11 67 3 28 4 91 64 17 88 52 61 47 15 44 26 67 40 79 33 74 86 59 100 51 42 6 75 0 25 64 6 36 30 9 31 0 67 
61 85 54 12 11 0 94 55 93 26 61 71 59 0 22 18 67 73 26 73 13 26 99 77 100 0 73 75 98 40 41 58 24 95 36 35 61 29 56 53 55 83 90 81 49 11 99 15 51 24 55 30 17 19 7 83 86 46 57 84 86 65 41 76 25 78 77 87 73 32 5 95 81 96 75 30 73 73 45 90 63 66 20 46 85 94 28 71 5 52 20 58 83 61 33 7 4 10 60 78 8 66 72 90 27 12 19 100 51 30 56 13 97 76 26 47 35 20 84 40 72 3 98 54 31 98 28 1 
7 88 45 82 19 83 71 46 95 56 12 45 87 68 25 49 9 51 62 44 71 12 50 9 82 14 29 79 11 57 81 85 11 25 66 30 8 3 43 2 59 55 14 11 22 39 26 31 90 89 41 26 67 91 35 48 4 65 27 82 21 7 66 99 99 99 29 6 1 38 76 26 93 90 38 81 28 30 78 84 85 18 9 51 75 45 100 46 76 93 94 63 66 60 62 64 24 57 37 92 95 79 17 53 34 21 100 28 52 77 11 36 61 87 54 1 98 19 47 73 11 41 36 43 67 64 6 57 
20 9 48 81 54 31 33 88 19 32 15 37 75 93 73 35 80 93 36 43 11 50 83 22 57 85 65 90 48 38 46 34 13 60 14 68 91 13 55 9 11 37 46 86 29 86 87 75 78 89 18 56 4 0 44 61 85 9 16 99 13 28 32 93 88 46 60 79 25 82 54 36 18 0 88 13 52 40 89 96 28 73 51 100 39 96 26 90 71 43 88 50 71 19 42 59 31 2 3 22 84 57 58 68 23 11 81 41 51 35 37 45 7 54 10 12 49 37 1 19 46 89 69 83 74 78 7 4 
80 10 26 29 34 50 63 23 27 43 65 78 45 68 90 18 21 100 31 37 2 32 22 48 88 58 31 61 35 38 32 14 15 24 9 15 75 72 38 68 81 69 12 25 2 1 10 24 67 41 27 36 39 49 84 26 6 81 88 41 19 86 21 0 9 30 15 50 68 53 18 49 89 30 40 91 98 50 81 30 91 7 66 30 57 16 22 29 97 76 71 82 61 92 82 37 89 97 87 56 16 71 4 4 67 45 61 30 61 42 61 52 15 93 48 72 8 36 1 5 12 38 87 39 96 35 76 84 
31 29 40 47 100 10 17 33 21 79 63 83 20 90 0 35 83 48 74 91 50 41 62 62 79 15 1 40 50 43 24 81 72 30 95 38 40 11 71 62 90 100 10 76 90 10 11 38 24 51 28 74 92 57 36 36 72 3 76 21 12 66 1 85 96 96 89 36 74 25 64 63 24 74 39 80 50 16 17 74 67 12 47 24 69 49 60 40 18 1 61 31 68 28 82 63 24 36 65 98 61 28 26 51 68 65 31 17 81 14 91 13 26 4 37 95 19 63 34 38 65 95 35 32 23 16 61 13 
52 26 77 79 20 2 29 89 34 26 72 81 41 29 95 67 33 98 62 18 61 62 56 25 23 91 23 12 73 50 25 91 76 68 69 63 36 65 51 70 91 89 17 31 17 78 65 16 75 93 35 35 54 57 26 77 14 15 89 53 66 80 44 7 47 79 70 84 9 87 19 0 76 36 98 59 80 62 42 55 20 43 56 75 100 49 17 80 64 6 33 96 52 43 70 100 88 39 49 98 93 34 64 68 37 61 93 16 90 34 37 9 77 94 50 43 42 68 22 72 74 55 34 92 98 3 57 86 
8 72 49 0 6 12 34 9 73 27 92 28 27 29 4 4 89 54 47 97 21 35 34 61 91 68 53 54 37 9 5 46 82 54 12 54 66 47 29 5 74 20 33 67 15 3 71 3 58 84 100 45 19 34 6 76 68 25 29 5 0 1 17 48 55 29 1 88 42 97 93 82 17 92 49 32 96 19 2 19 70 1 64 55 1 36 30 70 61 25 41 62 26 24 9 48 53 78 1 96 74 94 77 57 51 92 56 12 78 58 31 47 59 96 1 27 31 98 63 59 22 3 20 15 27 96 29 46 
39 30 7 80 90 51 36 40 42 92 19 19 49 50 32 75 45 33 68 43 97 30 1 86 100 88 67 93 83 96 4 89 92 12 68 81 63 3 87 71 62 5 91 77 22 89 17 33 89 85 76 85 81 43 70 80 30 36 38 80 98 43 68 55 55 35 1 84 4 55 20 32 60 77 9 48 66 26 82 54 78 23 38 24 67 75 4 63 77 8 42 75 51 76 96 5 77 98 55 82 52 76 13 78 52 89 26 17 82 7 71 59 97 76 49 63 50 19 26 26 28 34 67 79 10 63 85 87 
60 5 34 78 81 14 55 100 2 81 16 84 54 54 8 51 29 58 80 79 77 72 71 4 73 38 84 49 67 34 35 93 5 36 70 53 50 24 52 18 72 68 2 92 88 77 8 16 34 89 61 78 26 32 48 99 36 98 47 69 98 49 61 3 85 97 56 0 87 7 18 58 41 87 50 29 64 24 45 64 12 73 41 39 71 90 3 6 87 51 41 85 66 1 54 16 64 9 16 50 83 0 8 23 88 24 18 51 48 30 81 27 2 22 32 73 78 35 45 30 52 86 14 17 53 34 100 16 
9 15 66 92 83 74 15 70 64 100 87 79 29 67 5 31 55 3 3 32 38 14 63 57 100 43 40 52 78 40 68 87 21 34 45 3 74 26 73 4 25 25 83 55 59 54 52 13 57 22 12 61 36 75 17 36 84 24 54 27 64 22 81 85 22 25 89 62 51 27 66 42 19 14 97 78 68 49 91 91 71 2 52 73 43 35 75 27 59 29 54 22 17 0 74 39 25 28 0 42 55 33 85 74 47 47 17 82 62 8 72 99 77 23 72 20 25 46 13 84 75 33 73 92 34 12 97 25 
40 64 68 61 97 18 1 9 65 18 91 94 26 29 92 3 18 63 90 43 76 2 94 16 1 66 8 35 78 71 61 84 34 95 44 30 12 45 6 43 64 97 36 90 92 95 59 10 57 14 53 99 83 46 15 85 78 90 19 21 60 46 4 95 6 49 91 18 94 97 28 23 60 30 80 51 24 4 61 48 19 81 46 1 93 61 52 71 50 38 58 10 84 63 4 91 78 61 75 37 58 69 61 17 100 40 68 23 44 96 71 29 76 84 98 68 44 49 4 61 87 63 71 37 92 41 94 35 
1 34 72 25 3 99 42 69 38 10 58 49 5 29 44 47 79 41 14 22 91 86 83 43 14 19 46 72 60 5 6 28 40 78 53 9 77 96 78 81 72 1 96 43 97 40 56 75 47 36 98 3 21 46 47 1 66 59 73 92 65 79 86 71 23 39 80 66 0 23 12 38 24 8 47 21 14 2 96 61 38 59 65 26 72 78 27 37 36 0 95 67 45 81 37 68 19 83 100 86 72 12 23 97 20 36 84 0 38 45 61 42 71 25 68 42 2 62 45 5 62 39 72 73 19 9 41 4 
58 6 90 30 18 79 93 4 81 76 4 18 87 32 27 23 57 61 65 26 22 9 98 50 15 69 23 34 44 30 5 2 36 61 32 55 6 24 59 87 66 30 5 18 62 99 42 85 59 73 10 82 49 74 31 64 43 54 64 53 50 69 21 87 97 19 41 2 43 66 89 75 96 60 60 23 58 1 8 17 74 85 65 22 59 96 52 68 16 16 20 66 51 42 52 47 61 59 49 71 92 38 11 53 98 71 77 22 38 85 39 12 69 70 0 27 65 53 61 47 35 82 13 86 90 31 100 16 
57 48 53 48 52 65 0 16 1 43 38 40 27 43 18 63 12 18 90 77 37 51 91 38 99 70 91 54 67 90 70 23 3 90 37 56 20 4 72 21 47 9 27 41 18 45 3 30 30 59 73 67 9 63 5 74 32 96 27 100 51 64 89 54 53 93 9 73 97 47 60 9 56 88 50 74 32 19 70 62 79 43 96 54 5 0 28 4 62 21 70 12 85 24 32 37 16 42 76 79 89 36 55 11 23 4 51 55 91 21 84 69 30 79 22 35 45 50 5 73 72 41 51 22 66 83 60 48 
24 1 27 80 37 82 91 26 52 7 82 42 28 31 10 58 9 100 60 20 15 31 93 53 73 43 76 4 92 1 52 16 2 79 62 40 26 52 66 79 59 13 20 54 10 98 78 86 97 3 5 11 35 64 65 74 73 6 78 65 7 29 47 9 75 8 15 0 26 48 79 51 27 66 4 38 63 49 23 25 52 96 2 87 59 33 60 32 39 37 63 46 33 9 22 7 17 37 7 9 85 53 60 79 18 31 16 47 80 5 72 31 0 40 18 26 74 44 24 12 82 87 25 81 62 47 88 45 
84 61 54 35 13 13 13 31 44 96 44 23 0 15 55 68 22 39 60 96 83 84 74 64 36 99 10 98 45 98 42 96 59 96 30 38 75 9 70 19 4 13 42 71 96 63 4 17 1 64 79 85 47 52 14 49 51 25 46 96 89 88 91 47 49 87 86 24 96 21 43 66 0 51 37 62 81 41 45 82 72 23 32 18 76 47 68 26 38 80 88 26 34 45 74 83 98 25 73 60 12 82 25 79 100 28 41 80 36 86 27 7 9 60 92 51 73 59 43 10 5 30 36 39 41 76 88 39 
67 61 99 79 8 90 58 7 18 65 87 54 50 14 27 25 40 18 76 12 44 18 89 49 15 24 54 56 67 41 61 33 68 25 79 77 82 2 84 66 67 37 86 16 17 12 8 57 30 84 35 74 2 23 89 84 47 42 39 13 50 67 13 17 58 92 60 39 94 10 4 60 47 90 42 30 68 50 87 99 0 21 38 2 44 27 52 57 69 91 37 18 23 50 2 48 7 28 87 0 38 58 26 51 13 34 81 82 51 33 46 51 20 84 19 30 10 71 88 46 27 91 30 51 6 99 65 13 
27 17 80 31 75 72 49 55 5 96 2 56 29 48 6 49 98 92 80 75 62 33 20 90 90 16 6 96 15 71 75 8 88 54 5 29 92 54 84 97 16 86 19 45 100 92 60 97 84 5 71 45 4 57 34 94 74 6 55 55 77 29 63 65 49 34 94 40 89 43 3 4 95 22 15 94 80 41 56 63 13 94 75 17 50 8 78 90 82 32 44 58 62 73 89 10 7 48 17 62 91 20 32 85 8 47 44 88 54 67 51 67 60 25 85 76 100 28 32 81 60 76 5 21 15 94 99 22 
8 82 84 99 1 82 50 9 28 60 97 48 26 13 15 52 4 66 95 71 94 26 17 19 68 22 7 49 83 5 71 91 53 20 55 54 1 4 29 96 31 92 10 23 5 92 76 76 57 36 46 16 28 30 1 62 52 8 11 0 80 48 57 32 35 12 86 2 83 81 65 13 73 75 37 44 66 79 19 89 81 32 4 8 62 5 36 80 81 47 81 60 62 37 93 97 15 44 65 99 25 29 11 98 3 48 41 69 93 26 23 73 58 94 47 86 66 84 66 46 97 12 5 24 15 64 87 31 
75 52 29 100 81 40 63 51 55 70 86 13 96 9 87 20 2 100 5 68 83 37 13 46 49 86 70 65 49 57 96 23 8 24 89 55 30 51 5 51 20 92 31 83 0 17 69 2 16 74 37 66 11 50 11 60 35 47 91 51 3 86 74 78 76 29 33 73 80 4 90 67 96 20 15 62 37 84 31 20 23 68 52 34 17 29 61 19 76 51 70 80 3 9 57 79 38 56 17 85 61 7 17 22 27 32 85 31 82 15 17 4 83 69 5 66 98 32 51 39 83 20 18 52 97 42 31 34 
64 14 85 24 21 1 47 49 100 98 80 47 12 97 52 61 31 23 93 28 55 44 33 3 30 52 56 26 60 53 27 90 67 11 14 89 80 27 37 79 24 83 26 2 79 44 29 9 33 21 3 88 31 36 91 62 54 12 88 80 65 81 70 32 93 50 20 72 77 23 16 67 5 8 69 50 18 98 25 51 85 28 4 16 30 62 44 85 74 98 64 39 79 100 37 71 49 57 8 25 46 24 92 17 33 26 67 51 90 92 69 75 86 73 57 15 34 0 100 8 64 30 13 42 29 50 12 79 
73 20 70 18 11 28 1 10 20 68 61 10 25 96 51 10 35 74 25 69 40 92 43 3 21 22 46 16 72 24 61 10 11 31 95 22 25 96 32 45 63 59 21 54 55 38 64 90 11 56 24 51 47 34 55 68 56 67 50 28 91 11 38 1 8 33 23 33 95 21 44 24 81 66 78 1 3 42 91 82 98 81 32 10 14 53 44 71 19 94 65 77 4 69 78 12 68 68 11 63 89 22 87 69 88 64 70 57 72 26 4 35 7 3 45 88 56 89 24 42 83 89 18 53 58 62 32 25 
29 43 88 85 65 40 53 18 4 90 42 42 15 46 78 89 49 22 77 72 11 67 13 60 56 98 12 80 25 44 71 21 54 59 5 85 65 58 3 69 47 45 11 29 57 55 84 6 77 26 44 54 94 23 80 49 20 93 28 11 2 99 32 56 23 37 41 55 96 10 23 8 21 0 3 78 55 54 50 99 80 60 18 73 83 99 88 69 91 82 81 59 47 12 82 36 16 89 91 78 99 81 86 19 47 56 63 69 9 80 33 89 39 51 28 89 49 82 57 5 64 37 31 10 16 12 12 32 
0 3 9 99 50 61 84 97 83 12 65 58 58 98 13 64 15 41 52 64 22 75 36 52 79 67 62 95 79 41 93 45 44 68 43 94 95 93 56 78 71 88 35 96 51 48 59 66 55 77 97 44 51 32 96 29 65 24 90 9 65 48 54 8 15 63 68 10 21 90 54 92 77 89 87 28 3 11 60 58 88 56 1 39 54 98 34 18 88 24 27 52 72 47 26 88 9 94 64 30 49 17 89 26 72 75 20 75 87 80 100 40 36 67 79 90 30 13 75 17 3 68 69 75 15 95 28 24 
54 58 21 3 75 9 96 13 84 15 54 36 95 53 77 97 87 21 53 16 0 27 0 3 61 35 79 76 30 73 0 50 31 21 19 72 97 14 85 46 96 39 83 57 58 25 53 10 12 72 94 13 65 94 16 26 28 61 1 24 34 68 75 65 55 94 2 51 75 88 98 70 93 46 26 50 37 46 27 49 17 20 62 83 13 79 75 7 5 76 32 39 10 73 70 65 32 73 83 6 60 80 43 18 92 69 68 28 81 95 77 99 81 5 47 94 50 21 1 55 63 100 95 73 72 64 4 3 
2 87 77 28 32 19 46 23 54 14 17 35 75 60 100 22 65 46 15 14 33 83 70 96 82 30 69 19 60 39 90 63 25 32 91 23 51 37 12 71 17 29 5 58 89 4 80 20 16 62 0 49 44 36 11 93 66 80 78 26 18 67 55 9 65 45 32 82 48 44 53 65 39 24 90 94 96 69 80 11 30 81 27 41 16 38 33 83 84 77 75 68 10 29 77 75 40 75 57 89 85 76 53 23 100 8 83 95 78 63 73 74 43 100 14 25 3 13 7 87 91 48 54 0 77 97 41 17 
37 98 72 21 73 91 10 39 100 59 33 77 21 72 50 30 71 31 56 40 44 29 26 0 78 46 0 54 8 8 37 45 72 8 32 11 66 8 50 65 68 49 7 89 21 57 86 58 54 41 99 99 70 91 99 47 37 66 68 45 74 71 57 11 46 89 22 11 64 72 42 31 21 49 86 8 72 71 66 26 78 30 91 14 21 89 61 24 20 95 35 60 32 58 72 78 13 94 55 77 32 97 7 19 45 93 27 83 30 59 8 74 56 99 88 77 54 15 67 40 9 1 0 41 60 38 85 39 
31 5 15 63 1 22 48 12 81 75 62 77 0 70 51 56 35 38 99 55 53 65 95 29 32 61 36 58 99 21 97 97 93 11 25 95 100 74 73 47 48 34 23 14 71 74 70 72 79 68 26 31 99 87 60 98 48 63 55 12 84 18 8 42 29 34 36 96 7 76 42 21 76 65 2 46 5 72 17 84 6 9 81 71 63 41 68 10 3 90 89 53 7 98 95 2 98 98 98 4 39 39 92 14 71 94 27 76 32 44 25 38 20 5 75 83 12 43 59 82 32 47 0 5 10 62 7 7 
59 5 78 64 10 70 78 81 29 4 22 61 15 13 65 35 19 40 84 31 49 8 80 47 55 80 52 32 41 25 39 66 97 84 29 7 19 7 54 48 78 43 9 93 56 40 94 41 46 43 73 95 51 52 7 73 98 25 4 39 51 9 4 47 93 34 20 11 7 75 26 85 17 1 44 39 41 37 81 88 47 19 48 98 37 56 70 34 47 40 73 98 50 44 45 8 78 65 87 51 5 12 35 89 13 79 95 20 83 75 74 29 60 22 93 97 44 29 97 91 69 36 55 85 80 66 94 23 
97 46 74 2 58 75 57 37 20 51 57 69 25 31 64 85 19 56 47 29 85 44 19 20 80 40 4 25 5 64 48 2 9 88 4 33 62 27 70 82 79 94 16 70 91 80 55 76 36 68 4 87 11 90 6 57 30 11 82 35 75 96 37 51 83 7 84 11 35 20 59 80 80 76 49 36 55 70 11 57 38 82 44 15 71 50 39 67 27 20 2 2 83 5 53 65 80 2 42 81 89 1 60 68 43 8 3 98 79 81 21 83 62 65 64 100 14 2 66 42 23 34 10 72 40 29 2 19 
98 45 66 87 12 25 54 55 100 24 18 78 71 39 26 100 70 91 99 51 93 30 59 82 65 35 53 71 64 56 56 27 67 21 13 79 46 34 100 45 58 17 90 95 23 15 94 59 72 58 9 65 89 68 12 19 2 66 90 32 88 45 60 54 32 39 32 78 73 98 89 97 81 78 92 3 60 85 29 31 9 38 62 64 73 41 83 75 6 38 74 60 49 100 13 81 38 11 58 11 8 12 74 89 91 65 59 16 16 88 13 92 92 76 55 64 16 37 5 89 75 45 14 23 44 27 70 82 
4 27 59 79 39 100 33 96 64 58 11 46 11 25 37 3 67 92 33 49 95 4 3 35 49 17 24 59 10 94 7 81 87 66 59 26 31 92 88 96 16 66 7 27 57 11 30 90 69 30 38 64 34 7 99 84 91 23 42 67 83 49 47 70 82 72 96 12 29 49 74 45 14 48 73 37 25 69 26 94 99 30 23 100 37 89 49 94 78 91 60 60 6 6 29 54 44 91 32 74 40 73 18 20 87 57 58 11 26 84 4 91 81 95 90 17 83 38 11 60 96 37 86 68 10 15 88 54 
72 86 27 78 58 12 99 44 35 22 21 27 72 26 18 52 87 74 36 69 79 13 95 40 50 46 7 60 61 61 14 33 46 7 77 71 86 75 14 21 63 36 48 1 28 32 19 81 6 55 49 51 68 9 91 85 55 64 10 83 24 24 82 36 99 58 6 84 100 21 71 62 23 19 29 17 17 49 98 23 3 12 74 38 88 30 89 42 94 99 24 17 90 72 54 88 30 60 37 29 47 75 91 36 94 87 19 10 35 83 0 4 95 40 8 82 71 97 91 30 96 81 48 85 53 68 38 83 
94 75 11 7 49 68 9 8 54 29 86 55 11 52 60 73 58 68 54 95 65 10 25 60 92 73 10 44 6 48 26 100 89 3 73 4 37 83 79 92 11 30 46 89 48 72 61 6 40 82 0 4 92 25 30 83 64 6 93 70 20 85 36 8 88 8 79 25 57 24 83 68 54 95 23 2 67 84 75 6 65 75 77 23 67 73 72 30 79 65 67 99 15 69 73 70 43 52 95 0 76 43 34 96 3 57 64 70 41 38 42 72 80 18 61 46 91 33 42 35 64 8 33 45 43 6 14 87 
58 75 53 100 17 87 61 21 44 25 57 51 63 100 89 42 84 50 54 41 49 97 76 79 4 9 90 14 15 4 0 39 79 19 4 63 5 65 50 15 90 6 32 19 72 21 27 56 37 82 63 52 78 38 97 48 13 86 62 28 56 28 33 35 47 3 64 53 69 13 34 24 19 67 9 58 54 37 80 91 18 42 8 62 80 4 9 60 56 38 88 12 66 88 47 80 91 77 32 25 90 32 16 75 99 25 32 52 28 11 8 12 19 16 74 66 87 50 25 43 88 79 55 19 66 68 99 23 
44 97 14 100 29 30 74 27 56 73 46 50 84 54 63 70 71 36 35 23 86 60 66 39 4 87 59 37 20 57 60 30 20 74 29 49 71 70 42 93 42 88 42 92 42 4 61 79 7 62 1 93 88 34 99 93 87 57 29 7 80 89 3 100 28 100 14 65 69 57 57 77 44 100 68 52 70 96 97 77 57 99 36 45 99 34 37 51 57 66 24 2 20 28 69 14 27 83 80 62 39 2 38 50 68 72 1 38 67 99 14 91 63 50 35 27 50 38 78 6 70 2 76 90 30 44 70 23 
26 15 51 32 18 55 82 86 26 83 90 60 47 4 50 9 20 51 36 37 89 81 9 58 83 85 13 79 28 49 1 21 65 18 19 49 73 0 34 65 49 24 91 97 95 40 72 81 57 75 17 45 55 94 69 37 78 48 15 73 98 83 60 28 0 79 77 39 79 77 3 94 67 61 90 27 0 28 8 58 2 92 69 23 51 4 60 29 18 41 68 82 90 27 9 90 72 52 95 50 29 64 9 62 24 66 90 92 94 64 15 62 21 50 85 73 54 10 68 39 17 35 20 6 28 97 62 100 
14 56 15 43 19 24 72 10 90 61 1 83 91 16 10 11 66 95 84 87 71 17 92 88 52 11 94 80 74 55 79 89 77 94 98 97 85 69 73 74 96 74 23 86 56 33 64 88 95 13 74 65 31 31 53 83 43 12 29 83 68 7 71 44 68 69 6 52 3 45 92 100 85 14 85 40 14 14 28 8 28 68 39 59 100 58 41 8 71 70 91 4 44 28 14 78 97 88 96 100 32 53 65 17 34 16 23 48 30 17 22 58 52 27 16 17 86 24 25 22 60 82 93 70 9 6 47 72 
60 8 38 93 62 2 76 96 18 99 9 49 83 31 6 34 24 23 51 9 47 42 98 73 90 90 43 100 63 90 37 22 65 75 81 93 78 56 54 96 21 63 10 3 60 17 37 84 6 54 94 19 96 57 92 85 47 34 50 9 91 88 98 55 62 79 13 5 0 67 1 21 29 11 91 89 95 94 72 0 47 31 19 8 89 78 60 1 11 76 77 1 63 74 22 92 18 35 97 19 1 64 6 30 42 98 85 2 57 23 3 71 20 89 79 75 66 4 76 44 81 18 45 9 93 34 67 77 
69 30 96 37 94 69 33 1 32 18 4 89 7 74 59 27 62 4 2 95 75 44 38 55 63 49 31 21 49 98 98 18 27 60 21 88 95 54 55 26 38 59 81 45 32 40 73 61 10 41 21 85 85 25 6 13 40 37 34 90 0 99 74 95 24 95 82 18 48 36 10 87 62 91 98 60 30 70 87 6 77 74 92 62 99 98 41 5 0 42 95 67 40 34 61 30 28 8 48 42 11 58 28 73 14 26 99 45 62 52 51 39 25 8 67 91 72 74 96 38 15 56 5 21 90 66 51 84 
41 65 25 52 89 20 91 3 46 55 14 74 6 31 79 32 40 11 89 11 86 50 16 0 5 21 22 61 53 39 44 94 4 69 45 59 55 1 62 0 57 42 41 63 74 19 61 13 31 49 91 16 99 6 83 70 94 71 30 47 10 40 40 81 76 52 39 30 53 68 98 9 9 38 39 83 23 100 62 20 15 19 2 80 92 86 50 52 56 46 99 32 53 4 12 28 56 18 24 76 86 88 51 61 92 90 10 15 56 38 35 37 57 38 16 15 90 32 67 11 79 31 44 31 35 22 25 92 
40 15 33 92 3 84 19 95 40 29 76 62 67 78 99 91 15 14 72 71 47 4 82 92 35 92 89 70 14 80 27 54 95 60 12 64 10 31 25 50 26 0 11 59 78 76 15 59 56 87 29 69 91 78 60 92 69 14 28 83 94 55 3 55 82 15 18 58 12 9 7 38 10 85 97 54 60 12 13 15 65 8 51 22 52 10 13 21 25 41 70 85 63 39 39 44 54 24 1 32 33 75 36 9 25 33 64 51 11 43 32 76 17 83 64 70 94 78 57 85 85 93 69 47 32 75 57 52 
65 24 85 98 65 20 74 90 19 37 40 97 46 73 39 63 21 2 99 14 46 21 65 31 14 0 44 46 41 1 98 5 92 82 69 57 69 42 46 54 45 53 51 91 92 90 20 12 92 18 94 4 40 58 35 54 24 79 66 65 46 63 70 38 11 39 61 46 47 73 100 93 25 50 83 16 5 2 96 64 88 89 68 94 46 2 13 71 47 79 1 60 41 72 64 18 77 24 64 90 97 64 82 22 80 31 4 86 100 100 49 87 88 16 46 0 85 59 37 98 37 38 57 45 76 20 29 18 
10 94 8 7 23 56 96 69 87 66 20 87 66 69 39 19 51 86 86 1 44 89 100 48 94 22 93 69 43 88 54 19 81 28 26 70 84 21 5 71 88 25 23 19 61 62 4 11 47 91 80 58 79 45 5 72 67 64 7 76 51 27 96 99 55 21 34 4 9 39 41 63 65 64 82 25 93 52 2 5 42 82 63 88 26 34 59 60 64 32 35 82 59 30 46 80 18 46 85 94 86 25 56 16 56 3 7 48 55 76 53 64 58 16 51 50 16 76 76 47 8 11 28 33 7 74 13 92 
19 98 51 71 89 6 53 44 76 60 92 98 36 45 61 60 27 78 76 9 53 52 56 27 29 84 61 2 23 40 61 9 3 11 46 92 18 100 2 60 25 94 23 27 4 50 53 98 27 29 7 47 47 29 40 42 80 67 10 2 6 71 78 9 83 91 68 67 90 70 26 81 29 16 8 34 66 61 98 60 56 71 6 69 0 46 10 80 13 21 48 86 92 93 96 40 83 63 6 38 99 100 18 27 15 26 27 81 54 25 40 76 62 12 45 62 25 21 7 4 8 22 90 67 14 51 6 63 
80 13 0 44 79 18 72 94 11 65 40 31 56 47 6 18 25 51 46 16 39 54 20 47 42 77 13 22 94 20 85 40 100 85 84 78 69 21 37 46 87 43 77 42 90 50 26 82 67 73 98 5 93 85 53 34 27 66 56 20 52 6 26 17 91 10 95 25 98 98 38 50 41 14 59 97 30 85 44 98 23 42 2 15 93 21 15 19 54 37 5 5 43 32 23 100 8 84 92 5 48 29 56 55 9 14 17 40 99 62 3 89 70 5 70 62 94 86 81 47 89 86 52 99 17 41 64 25 
92 21 98 39 50 53 60 26 33 77 32 31 38 35 86 7 6 56 69 100 41 49 46 96 1 65 60 18 5 24 10 63 45 7 68 62 60 27 88 59 4 19 90 42 54 42 16 60 98 85 26 4 0 72 100 1 36 60 86 8 50 96 71 95 2 39 56 28 32 9 87 36 28 43 45 48 85 61 75 48 11 0 52 78 72 51 79 75 77 65 49 26 26 86 21 96 91 43 90 23 53 43 59 47 52 3 96 2 64 36 50 42 36 1 19 74 18 99 14 96 29 63 88 21 49 75 83 39 
85 73 62 37 82 21 50 33 91 11 1 21 47 51 63 83 18 82 23 36 46 37 98 41 67 52 29 15 26 11 20 10 84 83 13 65 70 64 64 26 75 65 47 22 82 9 71 100 58 60 2 70 98 66 11 30 17 40 45 10 17 31 20 1 80 0 32 49 64 63 42 4 27 89 93 9 65 30 75 22 90 77 58 53 43 69 83 26 75 94 36 93 25 23 60 4 23 58 20 87 20 62 57 14 50 50 23 14 80 64 2 35 41 61 89 50 96 71 76 37 31 79 96 56 1 21 60 24 
79 80 77 66 41 33 80 58 49 69 38 95 32 7 30 73 34 18 89 96 55 31 32 86 9 94 7 77 14 68 67 94 13 43 25 21 42 4 79 58 73 83 52 4 90 82 44 90 66 99 86 21 29 17 73 4 11 81 47 92 14 13 51 27 22 76 14 31 80 59 89 18 42 40 90 98 89 100 88 54 98 73 41 27 56 81 98 33 61 45 25 41 58 42 34 47 18 49 78 64 7 66 83 15 72 38 13 60 37 0 14 34 39 55 27 61 1 25 95 62 36 86 69 94 27 3 40 11 
18 84 76 25 49 24 7 21 62 20 47 99 87 61 99 25 83 26 52 84 17 46 12 53 98 47 12 25 50 19 36 34 2 11 26 52 1 33 39 63 53 52 27 39 13 26 30 62 52 82 11 35 95 90 88 92 37 100 83 53 18 19 88 88 97 13 5 99 46 10 27 65 62 55 70 41 81 66 2 99 13 81 33 7 70 87 66 73 52 48 26 37 33 80 24 97 59 29 61 71 39 88 35 0 8 71 42 55 36 10 53 49 91 52 23 27 4 55 100 57 69 92 94 2 37 17 65 96 
46 25 32 51 79 33 51 88 3 93 42 5 70 62 21 60 80 10 53 85 65 19 7 33 10 0 1 14 17 66 76 29 91 8 80 70 41 97 23 11 90 31 16 25 93 37 85 39 47 4 90 78 23 97 11 33 97 79 13 80 45 90 75 1 98 54 37 4 50 60 15 5 92 32 30 50 35 82 55 49 86 44 26 8 40 3 7 2 83 21 82 27 10 56 28 74 76 66 78 93 92 60 98 49 58 95 100 93 76 54 41 27 65 34 1 71 37 8 74 19 96 21 12 72 44 7 45 19 
39 90 78 30 49 76 80 6 70 45 65 11 65 73 38 29 6 39 0 43 13 74 29 76 61 41 47 4 48 59 91 87 48 68 17 63 9 63 35 45 7 100 22 72 38 60 1 44 65 68 54 45 41 83 20 68 23 33 73 38 92 29 24 5 97 7 34 73 70 69 17 43 35 40 82 73 66 49 17 98 16 71 8 23 19 95 91 42 27 29 80 86 58 71 91 21 78 92 94 14 60 10 23 61 16 4 34 49 19 17 46 35 54 54 24 73 14 82 81 41 10 27 26 69 98 84 90 41 
75 49 21 0 25 45 28 42 15 62 91 35 45 2 36 99 22 27 37 36 8 17 43 18 10 36 53 7 19 8 15 60 57 36 26 49 47 54 91 63 82 47 64 26 15 66 91 3 59 94 39 67 78 48 52 88 84 71 62 69 80 77 95 2 79 21 51 26 41 7 55 90 20 85 82 35 16 39 38 76 32 43 42 9 92 60 64 75 31 25 44 77 68 38 79 12 25 97 38 33 3 59 22 24 43 70 25 26 8 64 1 41 6 9 16 98 70 46 39 67 71 49 43 4 87 88 17 79 
84 21 11 54 47 100 78 56 69 2 82 44 32 83 51 5 93 67 69 28 13 7 61 50 56 3 21 9 57 4 88 7 92 65 61 38 30 4 95 99 73 76 8 5 25 59 10 84 93 79 78 72 53 38 88 75 7 8 84 30 79 37 37 71 68 98 8 98 1 69 63 75 11 71 46 2 97 56 86 89 0 29 60 19 33 47 95 40 22 44 70 0 82 74 37 49 71 46 13 39 81 76 80 92 12 25 60 8 47 45 97 13 40 22 100 73 36 94 12 58 37 49 24 85 22 62 0 59 
74 13 64 54 55 9 12 67 34 72 42 47 84 4 27 23 27 26 97 63 86 75 87 22 90 10 74 78 38 74 3 11 53 67 32 74 77 10 6 77 82 48 91 31 53 17 21 46 9 17 8 95 58 95 83 14 71 56 92 9 96 95 87 48 28 18 88 71 95 95 47 43 8 37 74 61 20 95 6 29 78 81 90 2 41 73 16 12 28 7 88 91 69 40 4 97 25 93 67 19 87 80 62 61 84 36 22 70 97 95 66 41 42 55 43 83 27 59 61 22 32 14 12 67 55 16 63 80 
75 96 99 27 76 61 89 25 63 77 95 59 71 60 100 79 15 42 62 8 67 89 30 66 3 8 32 58 92 62 3 66 57 1 60 99 28 48 23 91 24 85 16 61 44 15 40 25 24 1 34 57 56 30 22 59 5 55 83 97 16 86 28 39 54 88 4 82 35 27 39 25 11 55 87 22 36 93 47 60 94 47 17 15 78 5 75 83 26 23 45 8 76 73 48 29 27 52 77 28 45 15 54 23 36 6 11 73 99 58 32 58 72 15 73 15 88 13 98 13 37 8 22 12 81 36 7 74 
54 84 2 65 66 22 88 1 28 65 40 26 90 39 50 61 20 22 76 7 2 39 21 39 47 9 17 94 11 91 68 65 74 36 29 5 58 84 74 86 48 13 78 37 18 27 98 39 15 39 46 17 78 33 22 91 42 5 85 53 96 18 84 36 54 80 41 11 63 81 63 77 61 40 81 79 33 44 17 14 84 64 32 27 63 20 18 5 26 69 24 21 87 75 57 40 54 65 17 83 45 80 59 5 86 5 85 85 50 68 99 33 98 97 60 61 17 44 32 43 12 56 30 99 97 54 4 50 
18 21 99 63 0 24 35 52 29 86 36 79 53 35 78 51 31 4 11 14 48 43 23 27 65 54 25 62 7 97 78 25 17 43 54 85 67 55 36 62 40 73 41 94 74 85 44 4 89 21 86 3 64 8 30 95 62 21 56 35 84 0 26 1 43 81 86 76 1 88 37 42 26 44 35 100 29 45 71 84 66 56 87 96 64 83 90 93 71 12 27 54 79 20 21 88 67 73 63 68 61 100 9 53 44 44 19 39 55 90 22 20 11 76 82 41 24 38 100 61 50 94 15 95 13 2 82 80 
76 44 47 2 9 57 55 53 67 74 58 22 29 81 8 6 22 91 14 46 28 13 74 44 6 55 38 86 57 19 65 99 29 12 0 38 35 22 58 1 62 15 23 58 62 99 64 84 89 44 97 83 24 36 26 30 91 30 83 47 49 47 46 44 59 12 82 60 34 39 62 97 21 51 20 83 49 84 33 3 95 96 86 18 31 11 14 21 7 97 34 22 44 46 66 69 59 48 29 59 53 57 21 40 7 41 23 57 25 22 60 86 17 12 3 14 23 17 1 31 81 35 53 24 48 86 59 6 
100 54 31 52 10 53 93 18 94 82 41 85 70 67 70 87 79 73 67 69 57 68 66 37 69 85 27 16 70 52 89 69 6 20 88 16 73 80 0 66 27 7 51 97 75 20 49 53 60 15 88 83 49 53 19 17 38 12 34 7 64 89 43 36 8 30 19 81 76 86 13 2 94 64 65 68 50 13 87 76 95 75 58 43 94 43 26 31 55 26 5 86 15 48 88 23 44 6 71 19 59 84 88 52 13 18 86 63 31 38 39 92 12 97 0 6 40 26 3 61 53 8 12 68 22 0 57 32 
73 27 51 31 10 4 49 23 22 34 53 19 73 92 10 51 54 10 23 60 37 94 21 56 68 100 23 91 100 80 22 39 74 40 36 50 10 86 74 33 86 93 52 58 84 29 76 3 39 65 64 42 58 51 64 26 50 87 83 16 33 71 21 73 77 57 22 88 8 62 20 95 54 72 18 3 67 94 7 6 59 37 14 83 88 79 8 3 31 57 86 30 28 6 2 4 30 25 92 38 87 11 32 7 50 51 10 16 10 17 89 35 54 70 18 7 48 93 11 45 50 63 76 78 36 44 48 66 
69 40 70 22 17 2 29 33 19 5 16 96 23 71 31 43 40 15 51 54 74 28 100 23 57 75 67 93 18 15 58 54 21 28 42 38 97 37 38 82 42 54 77 65 24 74 75 65 89 25 18 29 19 84 52 76 58 19 35 43 0 93 63 21 87 4 25 49 7 63 30 49 83 7 81 7 47 55 38 2 46 22 31 31 6 83 6 30 68 7 39 34 0 1 21 53 72 47 2 79 76 99 28 59 72 8 32 19 29 70 21 75 92 52 5 64 0 78 95 35 86 100 35 52 1 57 71 39 
3 39 18 45 38 12 3 9 87 35 28 15 71 15 56 29 33 27 93 0 4 53 1 56 53 36 74 20 93 45 59 62 84 43 7 21 55 77 98 7 12 92 89 49 7 44 78 6 71 37 6 42 90 7 98 8 44 38 28 2 83 54 65 32 97 72 20 18 48 17 25 26 75 81 76 82 24 19 89 96 56 61 3 12 35 67 87 79 4 82 81 53 35 11 86 98 83 5 82 98 89 74 23 63 54 65 11 78 85 66 39 6 26 8 85 27 76 38 5 80 19 53 100 20 64 85 84 13 
56 66 10 44 5 100 73 59 65 84 2 15 15 8 88 8 83 73 35 58 10 7 4 96 26 3 15 56 54 65 69 9 30 45 19 1 45 58 26 9 8 96 91 23 70 78 31 52 16 33 77 26 40 81 88 66 50 69 21 70 34 57 79 30 1 64 32 46 21 58 21 96 19 11 19 89 56 16 41 72 49 17 65 55 64 52 20 80 21 8 49 21 65 94 51 66 23 83 79 10 7 100 6 26 78 92 82 33 7 89 71 23 72 35 78 1 54 65 81 41 73 96 62 37 55 12 69 44 
62 47 54 69 47 60 61 91 51 8 90 25 97 60 14 68 96 92 69 15 22 15 56 95 10 17 98 31 96 67 75 57 80 29 92 93 55 53 83 73 61 72 64 58 32 78 92 94 69 61 8 58 76 30 52 53 47 16 50 42 49 25 66 28 20 57 21 41 9 3 13 37 42 77 61 40 20 52 33 56 79 7 13 21 37 65 40 50 47 90 58 96 81 23 24 0 81 45 8 56 14 21 59 22 65 19 62 85 38 61 40 83 68 53 3 71 85 9 20 31 100 45 94 80 68 17 47 14 
28 55 71 8 42 29 31 73 15 59 24 19 20 64 1 88 84 72 25 34 81 45 65 46 56 58 93 24 41 5 4 35 26 75 44 34 71 41 7 52 100 31 37 19 61 4 74 44 42 99 78 23 9 9 35 66 33 94 56 41 99 60 76 24 1 19 59 38 60 32 56 60 63 93 45 90 97 18 0 39 16 44 28 93 53 63 58 53 57 13 60 21 39 35 12 40 21 71 44 81 69 100 6 98 92 52 87 89 36 87 94 19 31 21 11 50 50 69 69 73 48 28 61 87 64 73 94 51 
9 37 31 78 37 4 75 95 22 27 49 24 81 42 43 78 29 54 27 46 22 63 85 36 91 45 23 20 17 83 37 26 19 69 70 22 39 44 84 27 38 32 51 18 41 95 96 36 48 89 82 37 17 67 39 75 11 28 61 96 10 99 88 97 33 58 85 72 68 68 99 5 67 15 90 7 9 51 43 24 40 25 27 23 58 66 98 35 95 59 30 4 57 18 67 90 42 52 27 9 19 92 15 86 6 71 59 83 22 2 6 28 94 100 51 17 65 49 52 25 74 49 97 30 33 63 86 75 
14 12 84 0 70 65 52 76 36 11 58 58 13 30 52 73 96 2 90 61 17 41 52 57 90 48 53 22 78 38 63 92 16 47 58 86 11 10 28 47 21 52 71 0 83 89 73 78 92 62 4 75 69 23 32 25 37 85 13 14 90 77 73 5 23 30 58 34 6 86 48 27 37 85 27 86 74 66 30 31 27 0 72 97 23 70 88 27 21 0 41 10 77 13 82 100 10 39 0 16 91 14 44 95 99 37 80 38 3 76 35 97 43 7 59 32 77 46 59 98 47 0 7 23 80 56 90 90 
95 90 6 52 70 16 46 68 19 92 73 89 68 7 86 77 14 10 8 58 57 68 55 3 34 29 93 13 85 48 3 45 37 76 63 73 58 8 41 43 0 80 32 34 87 84 77 68 94 85 25 16 52 46 86 52 41 79 66 92 26 35 3 30 77 66 2 34 75 9 43 41 89 75 41 42 24 17 76 85 68 0 0 87 12 87 38 54 31 3 45 57 38 48 53 81 81 22 14 21 31 24 28 87 65 69 95 90 52 70 74 86 36 40 72 48 26 10 1 57 13 13 81 18 27 33 99 7 
21 80 28 19 70 56 5 34 91 66 23 8 1 63 95 37 3 66 85 96 76 53 53 56 66 100 40 93 32 4 67 20 50 95 39 19 17 44 54 7 76 43 16 77 73 77 13 42 42 64 37 85 16 56 6 48 55 12 7 54 16 74 74 33 34 12 18 51 22 72 25 98 82 7 74 20 84 53 62 92 16 99 76 100 55 48 13 9 60 87 63 43 60 36 42 61 14 60 78 36 99 2 33 80 9 73 100 93 92 61 85 75 25 26 74 46 41 53 22 0 40 51 9 66 54 51 26 68 
11 4 4 9 73 37 55 49 77 54 7 68 81 92 42 72 85 82 18 25 35 40 92 75 91 1 6 44 52 33 79 29 3 83 38 42 86 93 91 62 12 99 30 59 56 72 98 6 20 15 31 55 21 90 96 78 91 1 89 8 0 67 38 70 49 42 12 34 1 2 97 80 67 93 39 23 30 36 29 50 17 27 71 4 83 66 82 73 34 70 47 34 36 51 71 85 94 83 86 61 51 48 40 85 40 45 7 70 47 2 20 30 96 57 34 78 23 16 16 23 86 30 23 89 81 94 39 40 
76 24 0 94 72 41 78 78 52 51 48 100 19 34 29 82 91 64 59 80 46 42 2 98 72 93 86 52 86 92 93 28 15 59 21 54 100 65 31 18 15 45 17 0 45 12 82 36 42 7 82 54 49 51 52 87 43 3 4 95 95 97 22 77 22 43 97 88 7 27 5 89 39 89 90 84 1 71 86 9 78 34 64 93 85 15 79 94 85 84 88 80 46 10 56 68 19 52 56 94 45 27 48 50 16 37 34 17 75 86 93 18 19 56 78 70 37 56 63 22 5 17 1 52 94 23 86 79 
41 7 72 52 35 20 2 51 23 2 34 64 88 26 49 7 83 26 77 86 48 6 7 54 90 75 72 83 98 23 61 4 31 100 57 32 86 25 83 8 27 16 39 14 8 88 88 91 80 65 77 27 37 50 81 26 25 18 75 89 42 1 60 73 0 83 4 86 7 53 61 34 35 100 14 43 53 2 0 99 33 43 25 36 93 73 62 84 91 2 73 32 3 32 71 4 14 75 56 88 94 16 88 28 82 1 72 0 3 72 99 2 14 91 38 73 63 66 57 19 68 96 52 38 94 22 8 74 
64 64 61 57 47 48 86 95 15 23 62 19 95 26 88 75 16 26 13 45 92 70 65 26 31 16 64 24 4 72 64 68 1 91 92 48 38 77 9 20 100 71 39 60 97 93 0 80 18 13 24 77 50 55 2 81 71 32 72 42 3 35 9 4 26 67 19 30 43 28 50 8 65 55 68 27 48 68 6 32 82 98 8 98 52 77 78 90 8 49 98 78 51 73 49 43 40 68 39 83 62 56 58 93 10 25 19 24 60 93 23 7 56 98 4 74 75 82 29 49 98 26 27 14 100 76 23 39 
9 62 88 37 17 45 96 95 37 81 85 97 39 7 70 95 5 74 35 46 21 64 95 85 57 88 65 22 29 88 61 4 16 14 7 100 26 2 94 29 50 45 25 89 52 61 50 23 0 85 35 21 14 30 73 71 84 3 93 80 92 19 84 74 0 58 73 26 26 33 55 76 78 46 65 29 73 14 19 73 65 54 60 79 50 99 16 0 2 75 80 60 61 29 33 61 87 5 53 13 38 74 89 15 86 19 11 24 100 97 97 64 50 22 9 67 21 25 67 23 66 46 83 26 41 15 53 28 
87 72 7 25 11 62 6 63 82 84 87 81 80 83 11 97 5 20 29 93 11 96 15 77 7 98 70 14 79 89 42 65 61 15 56 38 78 63 1 25 12 88 5 59 37 83 21 8 2 50 0 80 11 15 23 85 79 93 99 57 47 7 88 74 22 44 12 66 6 13 91 85 67 63 43 3 45 64 78 14 80 78 60 91 59 83 41 3 41 6 60 89 13 48 62 1 92 40 34 64 53 24 48 20 53 58 90 65 21 68 45 68 11 4 24 71 54 66 74 95 72 0 49 51 14 78 18 72 
17 52 35 37 43 49 23 62 73 12 26 61 46 37 28 58 8 52 28 62 17 68 22 55 68 38 5 48 15 91 19 99 42 20 35 51 70 58 13 8 37 5 69 83 43 97 40 17 49 34 79 32 69 67 54 2 4 25 51 86 15 70 85 24 91 86 75 26 10 54 34 13 60 3 96 69 100 2 86 14 36 30 13 4 97 67 7 1 92 24 53 74 94 3 98 50 56 38 76 66 93 10 79 52 80 40 87 45 42 72 26 45 1 39 15 64 72 89 31 29 12 85 2 73 88 66 22 43 
4 99 75 97 75 19 14 20 26 0 65 68 38 91 79 5 96 61 69 33 49 0 63 28 85 31 0 38 98 22 48 1 87 89 64 27 8 78 47 34 44 79 68 82 35 13 87 31 74 55 30 89 21 93 83 5 24 83 10 88 72 58 89 24 46 18 52 20 96 65 20 39 43 55 87 79 68 73 76 7 94 5 62 15 65 45 87 89 94 97 42 31 20 30 56 33 48 74 53 9 38 40 14 48 95 0 93 28 39 68 1 99 39 63 80 3 74 67 58 68 29 100 65 50 96 20 83 9 
60 1 18 65 41 99 12 1 65 71 29 3 38 97 69 43 60 48 13 100 81 71 33 10 37 99 26 32 18 75 8 45 76 26 9 84 92 88 85 56 58 81 26 62 77 95 71 2 8 84 2 90 21 35 66 58 33 92 56 18 66 64 29 7 57 38 91 48 92 42 3 15 22 29 43 65 90 13 68 99 98 36 54 18 37 19 42 71 10 98 55 42 28 84 49 85 88 6 32 45 48 1 60 36 98 2 0 87 82 34 51 79 36 4 63 74 90 71 10 66 69 65 7 63 14 23 47 68 
29 45 12 43 46 38 79 43 6 45 97 88 80 13 33 15 85 96 89 74 33 65 6 1 96 13 30 9 2 77 43 31 21 55 40 33 59 18 43 65 64 5 53 9 18 86 91 2 47 46 43 80 10 49 47 6 28 77 82 31 19 25 28 40 46 69 40 5 53 83 70 83 88 89 92 72 74 83 41 88 95 84 67 4 99 81 77 26 57 59 23 77 84 52 83 96 87 22 0 39 71 37 22 24 92 80 97 32 28 3 19 22 87 52 94 51 32 70 43 56 28 67 32 78 85 81 74 37 
70 40 42 40 43 64 65 35 10 27 67 38 30 86 27 83 37 20 100 36 90 42 92 85 75 90 62 59 36 1 62 5 42 4 46 85 34 77 86 44 70 52 49 66 3 76 48 7 96 47 43 85 55 34 69 30 90 98 55 25 99 17 31 6 88 43 58 21 86 43 66 55 62 14 87 65 56 34 72 51 47 14 1 68 14 37 98 70 34 19 96 99 36 93 72 23 1 29 10 53 38 42 74 100 22 60 31 78 60 2 28 6 84 30 40 64 33 38 34 67 57 96 31 59 54 2 48 55 
98 24 7 2 67 47 68 89 6 99 67 66 68 61 38 51 57 78 14 90 82 14 22 4 9 54 29 29 22 77 84 87 1 57 55 34 3 22 22 9 21 55 41 55 16 79 5 39 23 86 29 4 0 51 9 76 71 4 5 60 82 55 46 49 79 0 49 82 89 71 58 76 93 99 30 75 44 35 13 67 88 42 37 54 60 12 29 97 17 0 56 65 56 1 80 34 68 28 82 57 65 5 32 57 71 63 31 14 64 45 47 17 53 50 71 79 63 67 76 80 67 31 10 89 100 90 89 67 
17 37 90 82 42 89 5 12 17 36 93 81 47 5 65 67 56 35 45 85 1 20 30 35 18 40 90 17 29 79 50 12 15 6 60 23 95 65 36 11 1 95 58 14 0 22 81 22 24 93 6 92 12 36 93 97 76 83 80 71 27 30 83 42 2 42 31 97 74 67 74 41 28 98 55 95 87 2 16 10 95 89 68 73 24 61 70 66 43 49 2 70 45 85 78 47 93 8 9 66 42 49 73 70 47 28 30 33 30 46 9 24 34 77 97 24 37 32 56 80 82 58 15 93 8 59 6 67 
68 82 100 76 31 72 11 44 100 41 77 96 87 86 86 87 62 83 77 66 81 99 11 62 22 27 21 30 86 94 63 19 75 62 61 5 34 72 49 100 12 92 62 65 43 47 17 5 96 60 71 77 58 82 4 80 75 25 76 27 18 39 12 94 67 74 65 0 11 81 67 91 38 28 55 82 75 39 53 71 99 23 47 23 71 51 69 12 43 45 5 27 50 17 87 16 57 52 17 69 99 50 59 36 78 80 17 18 18 36 89 84 59 1 6 97 19 75 75 28 86 80 55 35 97 42 52 54 
60 35 89 58 85 47 60 28 93 44 12 11 80 1 95 5 69 67 68 54 7 42 82 94 21 37 28 84 79 46 3 38 81 92 62 31 4 88 25 98 31 38 75 78 5 69 83 74 1 16 95 8 58 76 1 45 12 97 95 57 42 99 95 90 56 22 87 61 77 12 24 7 16 99 51 21 33 100 61 0 15 55 8 39 31 77 50 9 73 45 67 81 43 27 36 65 16 23 92 93 1 15 66 17 80 17 4 79 83 31 79 99 53 88 3 50 64 54 59 2 99 92 83 7 19 19 72 35 
8 64 27 9 45 59 93 25 76 63 3 59 60 83 23 12 70 26 62 100 46 88 1 44 79 50 17 98 35 90 99 43 19 92 18 64 51 77 89 93 5 59 17 66 41 40 78 77 33 6 42 45 94 9 90 72 59 73 36 95 28 0 3 47 59 89 11 9 31 66 68 37 91 86 69 98 92 46 40 91 18 82 36 11 91 92 50 16 64 52 77 93 52 80 39 10 34 16 86 66 49 54 69 39 5 37 37 97 49 77 88 68 25 90 45 15 81 61 98 44 12 74 2 31 20 42 7 54 
