128 128
24 94 86 73 13 20 79 18 57 82 81 73 24 34 6 49 23 51 31 70 12 28 81 91 2 83 21 22 91 29 42 15 89 28 54 1 14 99 86 38 80 32 10 4 67 16 53 56 33 50 93 11 79 73 2 47 55 23 35 46 18 77 27 6 71 47 74 86 46 25 23 25 58 100 96 91 82 15 12 14 65 4 26 9 77 95 56 99 17 91 10 2 34 37 75 4 84 49 90 96 40 79 21 64 78 16 54 59 31 33 40 97 3 66 72 47 60 28 45 43 85 21 11 18 58 87 23 7 
1 79 3 41 24 91 5 1 6 25 27 4 24 67 67 28 99 38 75 24 32 86 33 17 6 45 35 30 98 24 3 99 70 73 39 94 63 10 61 36 2 88 40 26 20 73 20 85 10 61 8 9 12 8 26 85 19 27 14 16 52 85 14 21 57 19 81 87 30 41 22 32 29 28 24 15 67 45 0 77 5 75 52 18 83 78 2 68 72 84 84 90 34 98 77 57 17 57 43 13 98 31 11 93 25 35 8 92 46 75 35 18 49 87 2 99 65 71 66 2 54 50 92 54 13 68 11 97 
24 54 9 88 86 20 81 10 22 55 69 68 29 3 52 44 90 54 42 20 25 75 22 45 91 13 100 70 47 10 67 37 30 76 25 82 63 5 59 51 26 27 85 55 30 37 99 86 91 7 6 82 48 28 27 4 8 93 74 21 69 40 59 65 83 84 47 45 55 72 96 81 99 46 1 95 83 66 80 74 39 52 21 87 47 48 91 21 6 65 42 75 71 0 40 53 50 53 64 71 24 25 51 89 72 18 49 54 85 28 94 90 47 15 77 94 29 33 14 2 64 56 43 35 23 83 54 73 
1 85 44 92 9 61 80 47 46 28 68 97 23 61 86 70 42 28 29 38 62 43 40 92 65 83 26 88 32 47 27 100 31 37 92 40 64 71 54 9 66 21 72 55 48 58 91 91 86 19 95 13 62 0 5 93 49 98 81 81 44 74 47 75 10 38 82 40 75 35 16 40 22 88 61 70 45 51 26 98 70 20 10 98 87 15 91 36 13 37 83 23 10 29 99 87 67 46 26 8 47 42 48 69 97 76 38 41 26 65 38 97 51 15 60 38 97 50 74 76 87 22 100 63 52 64 49 85 
9 42 93 56 50 7 91 46 83 28 88 75 59 92 71 10 73 98 48 70 47 88 45 0 9 10 63 27 74 12 12 49 20 71 71 70 78 61 16 26 90 70 1 48 27 38 24 0 35 72 36 49 25 47 49 35 58 11 28 31 90 6 47 9 78 17 46 21 79 62 14 34 98 15 82 24 19 6 91 55 44 26 3 70 74 18 71 31 29 65 28 86 72 41 61 49 59 6 36 37 34 50 71 31 31 18 22 51 91 12 72 35 39 41 71 79 59 7 9 88 72 3 39 43 11 0 58 70 
6 95 73 7 10 43 38 42 27 60 93 18 39 64 19 78 4 56 56 63 63 31 16 0 0 22 10 11 22 68 81 95 28 53 1 39 62 6 81 90 32 73 74 71 2 93 14 73 48 70 1 77 67 84 77 68 5 87 45 27 21 93 89 49 11 56 88 74 28 68 29 61 6 2 98 75 61 12 47 75 48 14 51 15 99 94 49 3 47 94 98 68 52 52 83 64 7 71 3 36 4 32 63 78 0 60 18 27 72 32 1 20 46 18 1 10 78 50 14 91 9 78 58 62 29 7 25 2 
44 95 4 48 26 67 92 93 27 77 19 65 8 87 51 20 71 18 31 48 68 11 39 44 89 63 72 84 70 63 52 13 57 57 28 83 23 86 41 16 62 60 48 70 12 65 91 83 84 88 30 17 99 35 61 87 99 99 36 68 61 88 48 17 10 42 66 34 27 6 16 90 32 64 25 44 96 82 26 79 69 23 96 33 58 23 19 56 21 21 91 83 76 4 66 86 46 32 86 73 38 2 28 37 32 20 81 27 1 74 72 37 97 68 70 20 57 56 43 44 77 100 26 18 3 59 4 49 
91 90 88 95 92 83 31 91 2 79 84 3 52 56 6 14 23 43 0 46 99 43 90 41 42 83 60 11 41 30 26 31 19 14 92 78 63 23 68 65 68 51 34 86 73 41 66 62 84 66 7 48 9 98 89 17 46 14 96 87 44 21 84 64 1 75 7 64 64 41 28 31 58 63 16 31 70 82 93 53 14 0 67 90 64 55 6 9 70 68 62 80 90 45 9 57 19 16 21 50 23 15 81 82 44 64 12 13 11 71 32 92 37 99 81 0 20 88 76 56 21 37 35 10 82 45 34 68 
27 55 17 51 36 64 32 81 94 10 60 72 81 59 63 18 23 44 85 43 98 27 99 18 64 0 96 12 11 29 46 38 50 29 89 52 59 87 32 53 63 59 91 44 84 19 28 6 63 79 16 26 5 14 11 36 81 6 14 92 1 60 30 51 89 85 2 47 72 1 66 34 26 56 44 76 76 38 82 4 84 98 98 55 79 8 91 59 81 4 51 48 64 47 65 18 31 33 66 69 0 31 70 26 54 80 1 96 85 50 66 68 13 63 22 92 37 80 17 84 50 34 31 81 81 62 99 78 
96 30 13 96 62 83 89 82 28 56 43 12 5 8 46 86 38 35 77 41 14 60 92 64 94 89 44 40 51 9 18 46 39 31 41 67 80 96 48 74 52 57 87 23 66 32 8 70 67 52 77 47 11 68 78 5 57 88 45 7 97 29 19 36 26 26 69 72 22 84 46 40 40 99 63 72 97 38 41 30 90 85 77 67 52 20 38 75 8 50 48 4 79 33 6 72 60 76 43 82 59 55 88 65 19 16 37 16 54 44 46 9 28 89 77 47 76 81 21 84 30 36 54 9 69 27 47 28 
2 90 76 27 11 29 92 30 46 28 12 66 39 24 76 67 80 18 13 55 99 1 38 29 3 58 4 38 85 51 33 53 6 8 80 17 4 38 14 50 32 26 15 71 51 57 38 30 41 17 51 40 85 89 35 88 46 5 26 98 56 59 50 28 33 30 12 3 34 26 53 66 18 35 3 69 92 7 65 100 24 15 39 76 70 40 29 83 45 21 80 67 46 29 95 46 25 6 49 59 99 2 25 17 3 95 52 61 1 17 60 92 99 65 67 35 4 97 17 15 17 97 48 30 25 43 76 17 
15 24 76 14 93 67 31 96 61 49 57 62 66 16 54 31 82 87 66 52 83 83 34 67 45 82 63 36 91 38 53 6 62 29 87 55 62 84 16 23 32 39 51 65 56 71 96 3 58 61 21 6 9 55 39 20 37 1 56 94 39 9 100 68 4 52 89 66 35 71 55 34 10 73 99 32 43 94 35 67 20 56 40 96 78 79 15 81 47 71 74 52 46 40 86 16 58 74 83 94 45 3 27 55 76 92 53 86 51 88 52 37 9 58 32 53 37 13 33 50 50 74 1 97 13 88 79 71 
27 27 30 38 31 23 59 73 14 11 58 31 99 77 68 75 0 66 27 3 79 27 53 29 0 21 92 13 8 70 50 1 98 47 40 95 70 99 67 51 77 92 82 41 34 50 15 34 15 9 38 95 36 57 90 36 78 47 15 52 16 31 54 80 78 60 74 48 58 7 65 34 65 46 76 99 62 57 99 78 66 2 38 68 60 94 70 37 40 51 90 22 83 9 69 60 69 8 74 93 15 38 94 46 51 69 10 12 92 9 56 24 78 94 58 37 87 28 75 93 79 30 82 27 39 50 54 74 
58 27 66 40 32 59 86 49 94 63 61 86 72 17 76 15 77 33 53 30 61 94 89 6 90 70 33 28 19 87 68 44 81 33 84 79 93 35 27 86 98 54 37 35 37 12 51 14 46 70 10 73 63 99 79 52 69 79 46 88 65 13 98 11 46 81 90 4 83 83 91 46 37 27 82 74 6 99 54 18 68 64 91 30 29 36 48 98 14 60 51 45 73 49 57 85 96 12 90 78 96 46 24 32 39 72 72 45 70 93 63 37 56 20 33 85 22 81 48 2 6 100 47 79 14 70 29 9 
49 85 88 44 30 78 42 36 49 80 47 18 72 77 21 95 97 54 45 85 0 94 87 6 59 33 51 73 70 46 48 18 31 35 28 27 79 70 29 27 15 77 11 88 53 99 48 15 18 93 100 85 52 86 57 10 85 7 49 54 20 98 38 17 99 66 44 78 1 74 71 17 16 49 71 69 47 18 84 32 10 83 16 29 34 74 5 18 47 55 73 67 18 10 84 16 43 95 60 44 34 98 27 50 46 98 85 59 15 68 91 93 16 7 21 50 47 26 34 94 47 6 27 65 84 10 48 93 
71 74 36 71 71 30 20 83 27 71 42 43 38 99 1 20 72 89 36 18 14 71 12 28 43 39 59 93 15 73 85 53 47 88 23 84 17 10 33 10 81 75 53 86 39 20 5 11 8 8 29 90 45 41 84 88 46 42 47 62 15 31 81 28 85 3 78 68 13 10 79 61 51 98 46 91 18 17 68 93 92 97 82 36 4 65 24 50 74 37 78 55 34 58 83 19 28 26 87 41 37 65 1 54 29 13 44 47 31 11 39 22 75 88 25 79 18 15 95 92 52 73 46 86 97 95 4 24 
21 58 32 24 89 100 78 17 13 89 30 10 66 36 99 40 23 23 85 41 4 80 33 56 18 45 42 81 40 12 5 27 36 3 51 25 2 95 8 82 83 39 92 15 75 57 55 98 46 6 4 51 52 3 73 36 49 81 16 55 94 88 82 29 91 99 20 94 93 29 75 76 68 33 91 42 56 11 5 68 84 9 85 35 80 58 71 95 38 54 49 98 41 97 27 32 95 47 92 87 42 66 28 9 65 85 17 87 63 22 55 46 99 39 48 44 63 85 38 68 4 53 65 46 49 58 44 43 
72 35 96 13 67 91 23 99 75 6 85 3 96 39 16 60 45 30 3 74 14 41 41 86 60 6 31 8 64 75 17 35 76 12 15 42 2 4 40 44 10 92 47 5 97 29 65 41 59 34 82 40 41 22 25 0 28 22 8 59 97 25 60 38 4 75 80 6 79 87 16 56 78 30 27 74 59 93 82 85 93 63 24 34 51 15 0 46 37 9 4 100 0 30 37 4 72 83 78 50 35 60 72 79 90 100 19 15 58 0 100 50 29 90 50 80 4 51 25 7 26 96 73 93 26 9 64 98 
58 41 13 60 67 86 38 57 85 57 72 42 23 37 58 52 93 8 99 63 59 90 70 51 86 42 43 78 17 6 41 41 13 54 0 81 5 39 37 56 62 75 64 86 78 22 3 70 30 1 32 55 92 68 5 43 76 14 20 93 21 27 33 34 81 0 81 53 39 17 8 67 58 39 52 1 61 56 71 91 23 69 11 14 36 83 23 11 97 43 70 17 70 70 18 17 70 99 36 75 83 10 41 6 49 94 8 9 15 45 66 38 14 77 19 50 25 42 62 22 52 31 5 88 67 23 71 36 
89 6 10 37 84 18 9 32 11 17 8 93 63 74 30 77 17 49 93 42 58 20 30 9 18 36 97 85 25 34 21 80 40 98 16 90 15 26 22 93 9 97 85 38 36 15 81 19 30 74 28 54 60 58 63 78 94 26 29 86 60 50 65 66 13 48 22 29 40 10 88 49 6 73 54 42 54 34 62 50 74 90 4 34 13 67 11 74 59 40 59 85 56 23 17 36 37 39 65 77 49 52 93 55 91 46 63 44 80 91 95 54 46 99 54 60 31 31 33 57 72 92 41 94 81 24 29 18 
63 60 95 78 79 53 99 69 99 62 80 45 52 40 99 65 38 52 24 35 83 57 92 20 14 100 81 95 90 76 79 53 2 40 97 47 93 96 82 58 23 61 2 41 0 67 5 4 85 29 6 33 52 64 20 66 29 0 27 19 42 72 38 44 11 34 91 71 29 73 28 18 100 30 60 67 97 65 71 81 61 43 13 12 7 33 45 36 100 38 21 8 9 59 18 88 94 9 24 89 48 52 7 13 48 67 80 10 98 17 57 58 26 36 37 33 36 48 36 1 86 57 9 61 16 28 14 76 
3 38 64 17 56 37 30 70 70 77 46 68 60 2 92 86 5 95 86 41 42 21 42 94 44 18 21 60 46 1 1 49 40 32 32 62 69 62 99 5 4 44 39 64 13 97 16 18 92 1 59 100 22 67 94 66 85 81 93 97 82 60 11 88 92 43 16 27 72 14 32 42 58 37 73 71 33 89 55 91 90 13 91 78 47 50 9 98 30 68 61 11 28 72 66 86 82 82 12 19 96 10 61 19 47 33 57 47 88 11 37 43 92 27 20 4 77 97 1 73 64 62 51 58 0 16 44 48 
98 22 67 93 33 27 78 46 27 34 59 14 46 97 58 3 90 44 7 33 40 8 5 71 37 56 95 3 38 4 51 35 27 17 94 26 10 72 38 3 72 98 85 84 60 42 87 49 52 94 48 59 69 54 29 5 76 90 75 81 95 25 15 88 8 76 13 18 13 17 89 85 14 73 35 40 14 21 90 32 15 3 91 84 23 86 55 66 76 29 46 36 20 27 23 28 2 36 12 15 19 0 67 34 73 1 74 53 89 29 86 3 100 42 53 22 28 7 88 70 2 33 72 22 61 95 16 29 
97 29 11 15 29 78 15 69 45 56 88 33 51 39 3 50 82 56 73 76 30 60 11 99 60 83 21 20 77 37 15 39 32 26 54 28 3 70 63 14 92 50 48 42 90 17 93 37 73 65 79 69 91 90 68 50 38 55 36 81 58 52 19 57 78 39 85 48 75 47 62 66 97 76 8 52 93 0 89 32 31 67 67 21 22 0 38 60 55 74 40 80 92 59 36 70 99 20 84 39 33 45 5 96 88 13 48 46 13 2 44 44 70 11 31 58 11 69 18 33 43 24 12 0 84 48 70 48 
34 19 87 67 31 58 62 18 71 76 30 84 79 75 94 14 86 25 72 63 94 56 96 2 81 7 3 64 21 39 78 21 59 30 88 90 89 16 74 25 58 3 9 36 78 69 50 29 94 89 93 54 44 88 22 24 62 25 54 49 31 31 71 90 28 24 45 83 6 18 7 65 21 83 0 66 52 17 95 11 5 87 31 49 41 54 74 2 45 27 51 76 25 88 31 19 12 76 1 18 60 75 83 48 58 84 13 76 67 7 87 72 61 85 20 1 38 94 70 49 88 87 92 12 75 22 31 87 
65 99 71 24 73 54 72 30 3 85 5 70 59 59 41 19 43 27 87 47 88 22 62 75 8 53 53 49 76 84 1 40 82 73 30 20 93 2 51 62 53 22 31 11 47 38 97 90 31 83 2 18 71 65 93 80 17 45 28 59 95 30 65 42 69 96 63 61 98 80 22 16 1 19 28 49 23 91 4 54 40 74 73 10 4 31 56 21 43 85 47 37 81 11 80 49 73 8 76 70 88 98 53 89 16 47 3 39 37 8 59 43 48 31 54 52 63 9 39 5 60 86 8 40 64 54 55 36 
62 30 73 49 94 25 4 76 72 7 81 75 82 40 18 29 71 38 47 100 47 87 71 74 38 46 80 1 100 35 4 62 31 77 10 25 68 81 67 39 89 48 80 36 88 98 32 24 35 79 91 49 31 27 22 70 73 1 37 73 2 41 0 34 17 10 25 85 58 92 90 46 39 70 48 93 33 80 17 35 25 74 50 56 0 38 25 74 39 63 12 8 3 12 8 88 89 33 38 46 91 28 58 97 64 6 89 63 52 72 64 77 11 13 100 12 17 91 52 23 53 30 31 23 42 39 77 97 
38 14 9 95 8 33 91 38 5 46 1 58 84 31 0 96 11 66 74 28 57 92 51 76 21 82 99 29 87 41 92 24 56 0 19 64 34 76 2 39 88 70 63 72 0 30 33 11 96 6 40 52 98 57 28 85 39 93 80 92 34 71 83 56 72 1 86 72 43 88 77 31 23 40 69 24 36 1 1 31 74 7 84 37 65 78 21 70 70 0 61 70 37 43 25 8 10 11 46 20 65 23 17 89 29 86 79 65 87 46 62 60 20 45 97 51 89 84 20 25 50 47 95 87 57 87 62 33 
64 7 53 28 97 36 83 92 21 27 22 7 40 85 33 60 96 96 10 85 79 97 9 95 9 70 82 66 22 43 66 86 16 85 81 80 21 29 71 42 23 94 16 63 78 49 89 39 11 99 23 90 61 99 85 70 35 32 36 57 75 1 9 57 86 90 36 73 18 7 15 7 67 31 70 10 46 58 49 57 22 39 13 83 37 64 53 38 96 55 96 36 22 4 93 74 60 29 47 44 2 62 52 69 59 21 45 4 46 94 28 34 99 41 17 2 71 36 40 66 91 35 68 12 5 60 86 65 
55 32 9 23 60 61 58 18 48 2 90 60 63 17 95 61 24 78 63 95 13 70 26 3 71 94 82 77 19 67 41 75 66 16 98 92 43 22 77 58 24 66 17 87 49 78 14 39 55 43 100 68 12 25 37 84 18 18 26 3 52 33 78 17 50 42 8 59 64 85 16 54 16 0 7 31 78 88 70 100 30 69 67 9 60 71 59 44 89 85 48 40 17 92 23 33 100 99 93 63 49 75 84 32 75 91 63 53 44 100 52 74 34 85 49 95 55 7 38 10 58 86 16 42 78 40 75 77 
4 33 6 53 8 56 85 83 12 48 1 56 13 19 96 47 4 45 41 25 18 80 1 43 31 18 85 8 24 25 52 28 59 24 81 33 80 32 15 92 46 84 47 59 2 8 5 73 53 13 65 38 93 66 47 90 84 31 99 7 22 16 35 47 40 83 80 86 14 62 77 60 45 90 18 13 98 90 87 17 2 51 21 61 16 68 51 67 65 15 74 87 31 76 34 37 58 80 22 72 41 65 98 52 54 15 66 17 4 52 0 74 69 21 34 51 55 85 17 86 100 92 73 97 67 73 33 91 
52 55 62 94 86 59 45 5 40 77 23 10 28 90 84 63 78 85 14 32 69 31 18 35 89 57 31 21 29 31 11 47 86 39 40 38 64 52 43 70 28 66 81 23 22 30 86 100 14 66 31 50 98 15 51 52 38 82 74 67 12 51 81 65 91 87 2 20 38 45 91 33 78 71 56 100 67 7 65 48 40 62 64 3 78 14 55 82 62 28 15 75 80 96 5 36 82 74 56 20 85 46 19 28 83 41 94 16 14 58 64 54 20 94 57 64 7 12 45 69 6 60 9 52 55 14 88 37 
54 10 23 39 22 42 67 72 83 61 88 97 18 17 51 4 10 74 68 84 86 13 52 93 73 28 10 95 8 99 31 63 75 20 68 97 62 34 68 10 61 21 73 46 38 90 50 14 64 85 98 49 98 16 7 36 44 18 30 18 83 27 81 23 47 14 86 75 15 20 85 76 41 24 88 46 13 4 60 77 89 24 93 52 40 66 54 50 50 51 68 32 78 15 21 92 29 7 66 44 27 17 87 68 41 74 80 20 44 40 64 32 30 56 50 70 88 4 86 38 55 53 36 99 34 58 56 30 
31 22 40 58 5 26 92 12 67 72 32 10 78 62 9 7 84 59 43 72 29 28 76 50 47 11 49 48 35 71 78 66 59 17 90 64 10 48 42 43 86 41 53 63 2 28 36 87 88 45 58 83 39 33 33 86 10 48 33 12 18 77 78 78 61 34 7 71 82 50 13 67 91 32 96 93 61 98 45 14 42 69 97 81 68 96 32 79 43 66 91 62 8 34 5 69 34 12 39 15 28 18 48 18 51 43 78 11 40 22 92 82 92 88 28 25 50 61 3 93 93 60 20 0 61 25 70 95 
4 75 10 32 94 58 17 44 68 95 21 7 83 12 56 40 66 50 66 15 10 35 75 69 62 95 70 22 87 5 16 57 80 93 55 73 17 72 16 85 32 3 58 82 82 80 88 48 30 19 29 6 55 3 76 16 65 11 38 17 16 20 74 96 80 95 69 97 67 51 47 65 55 4 46 36 51 34 50 47 53 46 53 74 15 95 56 80 72 60 63 88 81 2 84 60 98 18 22 64 35 69 28 90 73 41 93 90 41 8 36 60 54 56 34 70 50 90 15 89 50 79 76 97 81 25 22 78 
43 44 7 79 12 2 34 51 9 93 41 50 1 77 9 21 99 9 57 15 66 39 3 82 84 79 78 30 4 100 75 13 43 82 58 21 50 59 72 59 51 12 8 18 56 85 6 54 60 29 35 25 68 38 6 51 17 50 82 88 15 56 67 24 3 92 45 54 50 17 12 67 96 88 52 51 38 58 72 98 87 6 90 21 11 62 72 28 79 19 82 94 75 14 18 45 72 63 65 21 46 77 55 42 30 6 59 34 30 97 99 83 3 88 3 14 49 76 8 94 95 56 88 36 36 5 47 8 
34 11 96 81 54 50 89 51 22 47 85 52 44 83 35 13 70 38 94 86 80 1 79 41 23 32 43 59 3 90 67 38 0 29 85 54 79 73 4 1 86 56 53 29 38 54 42 75 93 1 26 38 2 71 79 92 3 21 51 6 10 84 10 77 12 61 98 58 33 68 59 86 23 78 14 28 99 23 2 91 24 28 95 94 99 74 85 68 95 1 75 72 52 51 48 30 12 45 88 11 13 12 97 36 91 11 64 55 0 32 45 91 26 39 84 25 79 35 93 74 2 33 45 54 85 93 85 63 
4 38 74 17 51 71 19 7 48 50 62 48 82 73 38 8 78 89 100 57 90 58 97 92 58 7 46 8 100 97 71 70 34 44 87 85 14 73 58 62 22 19 76 70 58 81 44 36 69 43 59 58 68 55 49 25 62 61 33 27 57 3 64 92 47 50 42 28 89 67 56 10 86 32 47 10 12 91 12 47 0 71 4 68 92 19 93 19 81 92 12 3 61 76 95 74 93 3 1 81 70 58 58 21 56 4 31 68 61 43 14 61 80 85 95 37 3 53 56 84 44 69 88 4 10 48 79 2 
17 46 50 53 3 74 41 59 78 72 93 4 82 6 66 27 91 26 65 61 80 20 10 23 55 64 95 32 12 73 0 96 18 50 49 89 23 56 13 67 27 6 72 75 79 3 2 36 29 33 97 75 19 6 99 75 71 93 73 49 31 73 44 15 90 59 70 12 14 84 46 8 56 84 49 34 53 17 70 48 50 66 23 70 73 88 10 43 80 83 58 77 21 1 92 10 27 62 90 7 11 35 82 67 85 31 0 37 48 37 51 65 2 74 0 41 61 10 50 6 59 7 49 80 76 41 91 69 
69 80 76 46 81 24 12 65 55 79 68 69 15 18 33 85 59 100 92 86 9 42 93 34 15 41 14 91 48 71 25 83 50 1 28 97 25 6 61 46 86 95 81 67 12 81 17 37 80 9 23 56 17 15 90 32 22 3 90 37 40 14 86 56 82 81 52 73 87 79 18 38 73 100 72 52 46 89 89 25 64 11 81 81 93 71 13 82 40 2 18 81 16 70 36 65 50 55 37 3 33 22 7 6 88 45 24 33 34 12 58 98 91 5 79 83 76 58 64 82 60 48 62 42 85 65 6 0 
19 10 3 18 32 78 91 86 22 14 18 22 94 42 87 84 47 31 66 89 89 97 71 14 10 99 22 95 63 96 96 48 5 65 67 3 42 23 89 31 38 73 53 31 81 39 81 28 36 12 16 24 8 87 38 86 52 61 46 81 56 41 29 27 73 62 30 81 85 85 78 89 23 31 86 3 36 66 31 73 79 14 63 53 67 1 38 18 28 85 100 50 92 95 77 30 56 73 11 6 23 89 62 46 86 47 49 89 13 47 27 92 61 90 44 27 57 49 12 85 33 11 0 91 5 43 21 27 
15 99 100 38 53 61 50 5 8 100 94 21 12 87 79 73 76 22 66 33 37 78 84 70 55 51 27 26 94 14 53 76 79 19 80 31 80 30 2 88 96 96 75 7 82 53 80 24 42 11 23 79 90 6 15 10 23 8 37 17 22 56 93 67 75 72 98 55 68 0 8 63 62 50 70 10 69 15 0 77 27 23 22 83 96 3 59 19 11 96 36 100 52 95 66 26 32 29 47 0 96 22 63 24 72 100 0 6 81 0 84 74 23 5 22 18 8 82 37 86 77 39 85 95 33 16 88 66 
45 34 32 7 22 61 31 60 26 31 67 7 31 50 47 20 21 70 38 29 51 42 14 94 81 65 89 81 81 76 12 92 76 44 99 65 71 29 24 98 26 91 4 23 40 51 43 61 87 48 56 3 90 36 98 36 0 52 83 47 94 61 39 35 71 37 100 42 33 24 39 25 14 9 49 21 26 92 48 13 5 4 16 95 6 80 98 7 31 46 54 24 7 59 60 78 63 25 86 96 49 24 87 64 100 35 51 26 94 99 5 99 69 21 60 42 1 23 49 99 69 69 90 42 28 15 20 91 
40 5 52 90 97 4 19 96 40 36 88 100 0 93 64 36 14 90 78 82 12 26 46 48 61 35 90 55 50 9 45 57 82 63 46 78 68 31 39 74 67 27 39 67 19 2 2 100 93 80 47 71 72 94 18 33 95 8 88 11 84 100 68 65 28 13 8 62 10 14 1 77 41 40 43 26 9 12 93 68 58 39 38 30 99 57 63 94 65 16 4 48 82 72 80 10 51 54 38 61 68 40 3 75 80 12 1 55 24 60 22 83 99 61 12 64 17 41 23 48 23 27 62 5 65 7 82 82 
62 19 8 29 59 11 4 5 23 72 60 48 31 83 97 96 43 75 25 26 82 48 40 4 41 1 76 72 76 57 53 37 77 27 32 1 38 36 6 28 74 67 76 71 15 38 67 58 12 58 50 94 6 90 64 47 57 40 86 32 97 4 35 73 32 68 75 70 70 47 98 44 13 39 14 95 43 47 18 55 5 68 14 78 23 79 91 81 18 76 79 14 81 14 54 12 82 95 48 51 41 12 61 21 51 42 15 61 89 34 15 60 68 30 3 92 75 95 72 93 70 50 73 16 30 26 28 11 
20 43 29 28 55 90 49 72 31 30 32 87 30 14 12 99 10 16 90 85 77 27 77 12 77 49 29 74 42 23 85 28 66 80 56 87 70 71 59 67 1 57 19 31 71 99 29 81 81 18 65 23 45 7 35 89 23 30 62 65 54 12 93 86 93 15 73 28 86 98 61 87 54 47 85 25 45 13 5 92 99 37 14 9 44 49 64 33 80 92 98 100 71 57 51 63 38 23 57 23 87 84 77 7 30 61 32 41 74 3 32 38 6 12 48 51 28 78 50 74 70 14 73 40 37 90 69 75 
80 92 98 66 75 40 73 5 0 71 12 41 41 11 45 47 23 93 64 51 37 14 91 6 28 29 12 65 19 81 39 99 72 2 64 12 9 3 17 9 74 97 16 14 7 62 62 30 20 92 48 57 5 4 29 33 34 41 64 53 88 69 51 25 38 81 38 47 50 21 22 24 17 5 4 91 33 32 88 53 24 35 77 29 5 72 29 39 13 93 58 67 28 75 93 66 56 97 79 5 17 67 96 1 72 0 58 4 99 45 24 22 46 0 52 52 72 47 91 51 5 49 18 33 23 77 65 45 
39 43 17 22 10 12 23 48 79 82 19 78 26 43 100 39 9 17 91 47 30 47 99 36 96 83 69 86 25 0 97 64 9 13 86 86 93 76 34 37 57 53 14 49 96 81 88 71 64 44 17 95 92 15 97 53 64 31 38 89 31 1 52 41 14 4 26 73 80 60 10 2 79 91 17 40 71 72 10 1 15 28 62 6 9 58 26 74 89 64 28 20 31 47 27 46 51 53 85 97 80 95 99 24 86 15 65 22 53 75 23 69 69 85 41 79 42 67 18 98 98 46 84 28 59 10 40 76 
29 25 72 75 19 70 100 71 52 64 94 4 4 83 73 40 68 81 85 76 47 2 39 10 14 22 39 74 32 79 49 62 3 21 36 90 57 1 60 8 31 19 13 36 2 52 42 36 32 26 11 46 28 17 56 8 39 61 82 72 40 98 100 9 85 1 65 41 3 92 16 34 10 96 36 79 47 78 14 46 3 93 58 98 9 13 6 48 41 54 86 47 51 85 56 1 53 88 9 56 79 25 56 55 20 93 34 33 36 48 79 40 40 36 3 49 16 9 64 57 64 49 3 81 34 25 83 87 
12 58 8 57 83 64 12 69 22 12 1 59 60 81 65 67 83 68 82 99 44 45 21 74 95 91 54 95 16 2 47 95 60 55 18 8 85 97 77 7 8 79 32 34 25 97 0 7 30 83 73 74 27 60 47 88 51 68 82 33 70 28 94 97 83 11 4 34 7 48 41 82 26 39 16 51 35 16 24 31 65 97 5 59 23 18 46 74 86 28 6 22 56 66 85 5 78 55 39 51 2 46 33 95 85 15 11 86 31 36 16 63 99 88 21 21 73 67 95 24 95 67 46 17 33 97 22 77 
52 27 27 20 39 26 15 90 41 26 41 39 28 23 1 27 11 22 14 84 55 76 7 50 8 20 33 41 16 21 84 34 48 78 55 53 3 36 42 11 62 49 50 57 72 17 50 83 5 64 32 60 39 6 76 48 93 8 55 75 29 5 9 43 83 30 96 86 66 3 63 94 52 79 16 24 62 66 73 67 30 72 94 35 44 69 49 36 78 4 77 73 76 86 16 58 82 78 9 13 82 73 74 100 51 90 90 13 56 63 46 52 0 39 53 44 8 2 80 52 73 56 91 48 8 6 5 56 
85 14 70 32 53 9 98 71 99 88 50 20 16 96 38 16 1 92 60 76 60 39 94 32 61 84 46 35 91 17 92 41 98 27 39 51 36 36 88 0 23 37 88 39 99 25 55 100 83 14 41 42 19 34 40 47 18 86 82 75 69 39 82 67 32 20 17 34 56 4 35 46 7 89 85 72 13 6 38 63 87 79 71 6 80 11 19 64 63 0 38 32 6 86 99 38 5 82 73 27 52 74 73 25 62 24 97 41 30 34 3 16 13 75 89 59 52 7 22 81 75 60 12 47 11 77 85 16 
24 23 9 42 97 83 67 58 73 64 66 69 64 69 51 43 9 40 1 27 13 23 8 54 49 87 0 60 64 52 42 54 41 52 97 38 0 29 62 73 59 94 7 23 63 58 66 38 98 68 66 78 57 40 98 6 26 65 66 56 83 75 10 23 26 73 27 93 1 56 31 61 49 38 84 78 96 15 16 60 49 48 3 6 88 0 12 13 31 44 36 13 18 12 37 10 85 30 2 52 86 33 12 35 71 62 12 67 44 95 26 93 42 29 99 96 96 77 76 27 88 11 40 5 23 43 83 74 
40 85 25 25 18 38 60 55 66 39 88 9 33 80 69 42 8 33 37 71 10 79 64 98 90 70 69 79 13 51 52 53 2 78 44 20 82 71 41 13 9 29 23 8 8 92 50 84 91 54 54 0 32 84 64 89 53 100 67 66 16 86 85 18 63 96 4 10 66 46 23 41 41 12 49 49 70 66 32 61 86 52 27 17 35 92 72 55 57 39 20 73 91 72 92 19 33 62 29 99 7 18 39 48 31 54 64 67 19 62 27 71 81 55 89 82 12 26 36 35 65 23 7 55 95 65 74 94 
27 69 92 0 88 97 15 85 50 79 51 36 40 45 6 20 66 61 2 44 88 38 79 18 27 52 40 21 17 80 14 10 49 72 77 2 34 92 53 85 70 70 87 77 14 59 63 80 87 31 90 40 36 68 24 63 87 64 51 70 10 31 80 25 70 56 94 3 14 46 54 50 15 40 93 97 66 56 42 18 53 32 24 55 66 48 18 52 79 35 21 89 66 67 13 35 90 73 5 3 18 59 53 100 66 46 96 31 68 38 15 20 70 39 76 35 87 60 88 65 95 75 19 26 42 99 28 31 
71 33 34 55 58 53 55 23 65 50 20 32 88 35 19 57 40 61 59 94 87 12 24 47 87 44 73 28 8 67 25 80 66 59 34 24 79 89 13 43 39 34 76 93 35 61 50 76 21 75 35 7 87 59 54 73 2 93 68 11 60 93 57 92 18 57 82 97 46 96 39 51 96 81 43 30 41 59 72 28 33 6 35 86 32 55 59 34 48 93 11 74 85 34 31 2 92 13 65 3 8 71 54 70 51 63 100 59 89 38 87 88 10 89 74 42 9 99 43 23 91 20 63 75 55 95 44 12 
7 8 15 82 79 35 51 97 64 16 21 52 20 74 40 31 28 80 39 38 78 82 61 34 69 24 75 23 85 18 1 92 94 16 39 38 17 56 0 81 72 21 33 93 96 39 90 90 18 28 27 62 77 55 96 45 45 36 34 29 55 35 20 14 51 25 18 34 81 19 14 18 6 47 10 68 52 66 58 70 95 51 98 71 5 93 15 50 29 15 79 50 50 65 30 67 90 48 0 70 33 14 89 6 28 65 74 80 98 31 16 92 83 13 28 54 73 9 4 68 24 83 84 74 14 13 6 3 
27 6 40 27 87 95 33 14 25 6 61 22 4 77 80 53 56 7 6 28 83 77 62 73 26 45 12 40 58 18 9 52 24 49 79 11 9 11 92 35 84 52 23 54 95 3 73 51 77 46 45 26 22 7 99 14 52 11 54 77 29 30 28 20 45 73 31 55 50 89 56 100 41 79 54 1 48 26 52 25 72 98 51 61 4 15 75 22 26 96 99 22 25 93 42 70 65 39 91 81 27 46 81 34 92 34 36 39 26 54 30 65 51 47 92 21 63 66 44 55 61 8 77 52 1 18 89 32 
57 79 13 51 92 94 85 83 94 87 88 86 41 18 16 58 31 7 80 94 74 90 49 0 64 92 19 65 77 7 64 33 52 77 50 43 36 35 92 96 88 80 81 28 64 98 87 95 4 32 55 44 88 70 11 51 61 30 16 37 37 80 37 89 22 53 99 58 54 90 19 42 35 66 70 65 63 22 26 34 54 81 44 7 16 55 59 43 85 75 47 88 20 50 43 8 2 7 32 57 63 51 99 65 16 34 29 46 57 55 46 77 1 90 85 84 11 9 27 62 50 74 16 70 23 59 44 92 
32 76 48 95 26 12 59 8 47 89 54 70 9 66 12 78 22 63 61 33 72 54 61 21 27 77 57 16 1 0 8 33 76 22 28 68 35 53 43 48 7 63 17 84 29 96 61 51 59 88 50 97 42 10 85 69 88 41 52 89 8 26 89 50 48 83 85 49 35 27 97 43 90 80 93 85 76 53 35 0 40 51 97 48 62 47 84 49 89 35 3 97 27 92 12 41 74 97 91 76 23 53 85 80 33 77 64 75 96 66 75 1 16 37 50 78 85 33 93 39 34 63 1 61 54 13 1 95 
10 58 36 33 11 20 12 10 63 43 85 58 8 25 59 24 28 75 69 12 7 61 17 41 23 18 68 44 32 36 4 8 94 40 41 4 26 20 81 89 63 65 46 37 56 71 61 85 46 29 63 19 57 81 61 46 65 95 56 63 30 60 71 24 66 79 95 58 99 76 46 27 6 58 30 63 29 91 47 41 87 9 60 43 56 87 55 21 82 11 84 11 37 55 1 70 33 97 27 98 38 40 91 44 98 20 73 93 77 19 100 63 96 60 72 51 46 27 38 94 4 22 5 41 43 73 77 42 
69 4 5 73 10 96 84 7 82 56 67 58 42 66 88 3 92 25 54 4 18 59 98 22 47 69 30 90 42 6 31 77 77 36 16 87 98 100 95 79 21 27 2 63 59 56 66 51 82 87 55 100 45 18 89 92 88 18 47 96 91 44 72 68 46 88 54 9 53 14 88 75 41 56 3 67 79 70 17 60 22 38 25 67 22 80 24 76 64 37 71 55 81 9 22 93 63 76 1 16 91 55 57 98 77 60 64 55 29 47 81 17 85 73 84 74 52 74 49 16 77 20 71 23 96 59 15 58 
34 16 40 91 37 97 89 14 57 18 69 52 66 16 70 16 89 19 90 40 60 39 22 36 25 59 60 20 17 41 78 18 24 85 8 61 81 63 41 3 82 77 22 47 93 58 29 81 43 19 87 2 58 9 5 49 34 31 69 52 72 12 36 62 97 10 23 44 74 30 47 21 6 35 34 99 93 63 79 36 82 66 4 5 41 9 54 75 40 89 93 79 1 28 40 64 5 29 7 45 60 21 66 66 56 100 31 49 28 9 51 77 41 21 82 48 31 2 90 37 57 82 82 24 77 22 89 82 
17 96 26 43 16 58 9 39 23 6 54 51 82 4 27 90 25 76 37 22 44 26 26 0 75 7 25 17 96 80 65 13 75 57 56 58 14 31 97 37 37 16 54 19 87 48 8 78 23 11 0 33 4 26 33 79 100 24 62 96 3 26 8 45 83 64 2 97 62 65 100 99 81 53 84 33 67 92 10 90 70 10 89 74 2 89 18 2 12 80 64 83 5 72 27 88 1 96 50 63 26 15 28 6 68 11 5 1 70 15 91 39 93 46 79 95 34 97 63 46 76 26 28 47 64 21 0 32 
16 50 95 42 31 22 14 65 0 19 66 70 35 23 8 27 69 87 88 2 49 17 48 24 9 43 37 40 64 37 72 47 53 66 55 84 55 70 48 55 55 14 91 90 37 99 83 5 51 71 74 100 54 88 90 63 30 26 2 61 29 74 74 82 6 28 31 27 98 45 48 53 25 38 8 62 2 58 33 19 95 6 18 48 95 74 77 91 66 80 17 95 19 91 42 92 19 39 85 83 84 32 1 9 36 77 37 38 34 37 57 28 43 41 76 3 14 52 61 46 98 78 6 84 69 48 75 54 
53 26 2 37 58 4 12 95 81 49 99 14 86 56 8 96 63 84 65 44 1 25 90 66 3 97 49 38 10 90 58 64 15 60 67 40 30 79 0 10 94 99 91 46 20 99 7 84 48 72 94 50 64 83 15 67 45 30 71 22 86 28 86 1 54 18 41 85 63 7 61 56 5 52 68 26 50 41 76 65 13 69 14 77 17 96 9 29 92 46 51 77 40 2 78 94 20 85 44 83 92 5 4 64 57 39 56 73 80 31 37 59 66 17 1 83 79 10 11 70 22 28 47 62 30 91 22 50 
42 66 99 100 71 3 29 94 8 85 67 88 15 70 47 47 88 48 97 66 25 74 2 47 2 15 76 32 72 98 83 80 63 47 80 0 50 8 94 24 60 60 12 41 30 59 89 84 73 85 15 98 58 17 11 60 32 87 59 71 50 41 50 79 54 96 79 4 4 73 95 30 99 6 71 95 31 59 44 4 9 60 68 34 77 45 60 76 98 18 46 47 25 62 26 80 58 71 50 28 43 44 58 8 51 28 69 48 54 13 18 29 73 87 63 15 98 23 57 96 41 69 42 67 31 34 46 89 
5 62 16 14 5 74 22 56 68 58 71 21 71 89 17 9 75 80 24 39 2 82 34 10 16 42 77 47 77 89 35 82 50 51 96 21 91 85 78 59 42 14 46 79 2 63 88 44 9 11 83 78 59 16 88 76 58 30 89 0 85 24 82 34 41 44 22 99 95 100 23 2 80 35 81 82 65 68 25 74 45 7 51 71 90 39 46 48 35 0 14 20 24 63 20 32 6 42 30 67 7 53 69 87 88 49 69 52 16 94 92 61 1 43 31 91 48 43 4 83 44 86 2 34 48 23 32 54 
65 62 20 73 81 89 25 35 3 94 53 19 88 45 46 55 54 44 11 1 53 83 50 97 68 53 98 15 42 29 35 73 58 21 11 4 76 37 5 79 30 59 98 84 70 9 4 23 53 16 91 6 65 6 69 32 59 32 13 67 28 48 6 52 69 17 56 44 54 62 89 51 87 52 0 22 61 5 11 81 88 1 53 52 7 21 84 33 20 63 66 48 10 72 100 45 56 21 55 9 49 43 26 1 95 94 23 21 99 34 1 86 1 20 3 9 42 87 8 28 49 40 42 25 12 41 36 68 
28 91 43 44 100 36 45 60 29 69 81 94 2 49 45 4 69 48 80 77 0 54 71 15 94 12 40 72 19 76 5 48 32 15 58 31 17 2 91 12 71 37 5 40 52 50 10 88 64 90 30 64 9 1 79 69 13 85 7 33 60 79 47 58 60 4 89 77 73 45 55 10 48 60 50 0 76 60 54 39 15 50 69 91 51 47 59 31 31 32 30 57 11 43 14 71 13 69 14 86 13 69 96 28 96 45 95 37 71 48 43 52 98 11 8 15 59 34 12 56 66 42 13 43 51 94 81 64 
63 61 49 42 29 45 70 91 56 64 28 94 78 71 11 42 82 20 23 6 54 35 29 86 43 42 29 94 35 9 57 64 36 72 6 65 16 42 22 39 73 50 99 16 87 9 58 34 29 47 7 49 82 36 35 91 78 64 84 79 39 6 9 75 79 82 5 61 23 27 66 62 43 64 79 29 74 2 30 69 50 37 18 98 73 19 89 16 83 38 61 88 45 70 28 90 51 100 16 41 27 83 2 36 12 47 32 52 50 62 21 100 65 5 97 37 24 51 19 73 90 80 26 0 50 54 56 67 
19 72 7 46 20 77 49 33 23 81 51 73 8 72 38 73 43 35 9 33 52 28 5 41 74 98 41 23 17 63 91 37 35 64 49 21 40 98 54 30 44 72 2 52 43 41 24 53 42 100 86 60 94 58 1 68 55 8 91 73 72 47 9 73 78 58 94 84 22 14 13 66 86 16 85 95 23 8 47 31 8 100 91 68 57 58 35 11 33 93 50 4 5 25 43 83 84 36 67 72 50 80 3 1 62 88 97 51 97 43 48 71 42 5 38 65 63 40 77 96 32 93 66 37 18 8 20 68 
11 53 39 61 32 42 63 61 30 25 11 93 34 60 63 43 31 67 7 94 73 50 56 4 43 88 8 61 97 95 28 7 47 33 34 45 75 63 5 71 88 84 63 22 9 92 65 40 25 38 100 98 89 55 69 31 43 77 58 5 71 86 79 84 85 79 28 25 42 0 97 96 84 25 84 59 84 48 99 75 87 64 72 75 19 6 72 28 83 29 100 19 81 44 69 65 22 64 90 64 64 52 60 13 78 43 72 27 58 36 1 10 100 39 51 85 46 22 79 95 17 44 81 98 88 49 28 10 
12 17 74 42 70 100 21 13 9 59 40 33 95 41 43 61 46 94 11 92 82 57 53 65 0 33 28 89 48 56 65 27 73 4 35 8 4 57 21 80 15 27 12 77 68 55 37 14 14 14 72 62 71 24 26 38 23 54 93 38 76 57 31 14 61 66 23 31 22 10 10 38 38 22 14 72 43 17 52 23 98 24 85 69 14 77 73 4 97 65 8 38 88 39 53 14 4 76 46 94 52 22 31 56 11 11 28 54 28 80 44 25 70 28 60 51 72 99 55 34 29 63 73 16 68 25 31 72 
67 43 65 85 65 62 41 76 73 69 30 67 14 74 59 85 68 85 35 5 84 56 40 12 85 79 96 52 3 26 90 36 69 55 20 100 83 61 76 22 96 72 55 10 11 80 61 45 65 96 51 14 17 57 93 1 35 88 53 4 80 42 6 48 63 26 48 12 54 90 34 49 61 55 25 38 35 86 83 100 47 100 80 64 56 72 31 57 60 50 27 39 59 33 54 21 26 68 100 80 57 100 95 84 55 20 21 90 72 3 55 19 3 34 83 25 5 81 83 65 30 76 71 89 9 24 77 35 
92 76 81 14 76 41 98 30 27 85 19 100 54 40 18 57 74 67 49 79 47 98 10 78 73 81 32 82 4 8 83 62 85 29 76 60 71 39 56 98 23 41 63 77 81 81 0 54 14 15 99 27 12 8 71 85 89 3 33 93 11 82 20 96 11 96 21 48 0 43 11 23 84 75 67 30 21 33 50 1 48 49 29 60 57 100 10 46 2 43 4 14 25 25 76 2 87 98 16 88 6 27 77 91 68 9 87 90 42 37 91 90 86 86 15 8 86 26 20 54 35 25 68 26 16 44 95 69 
7 10 22 13 38 100 70 72 8 23 61 17 60 18 6 45 70 89 19 55 81 40 9 15 65 43 8 47 53 2 82 26 13 4 6 17 70 76 89 78 65 16 95 24 0 68 35 70 56 55 92 2 95 67 17 25 9 92 38 63 95 19 55 74 23 61 91 93 3 45 37 68 27 98 93 27 31 94 98 87 48 55 55 42 21 73 33 30 30 71 59 24 57 14 64 80 41 20 39 44 66 42 12 93 5 71 87 37 64 50 90 12 4 45 20 25 84 20 21 13 91 81 4 47 61 68 94 1 
89 99 12 20 6 24 79 11 61 65 48 24 14 38 2 18 83 90 9 66 9 31 45 66 78 49 80 38 17 73 5 72 37 17 92 43 7 70 54 34 35 69 25 15 6 94 34 55 83 9 87 58 40 31 91 17 81 70 21 64 8 27 35 45 10 93 54 85 62 74 18 63 42 9 45 14 3 45 69 86 54 55 10 95 87 0 78 33 70 100 97 44 93 98 89 69 90 8 53 17 82 38 47 91 47 92 4 50 36 74 2 56 95 79 50 47 79 28 80 14 94 42 58 52 39 12 20 28 
20 40 12 1 78 59 92 91 16 63 7 52 36 9 74 97 88 24 44 32 18 90 46 78 32 70 29 71 82 49 66 1 89 44 69 32 2 61 23 85 90 30 2 25 5 76 88 59 100 31 91 84 88 2 61 19 72 90 56 53 5 88 20 94 31 89 93 100 15 82 84 4 11 86 96 83 62 84 41 27 81 98 11 68 66 38 53 3 95 9 22 100 63 42 59 95 97 17 60 12 99 44 83 9 96 45 58 57 28 65 51 75 28 28 9 94 66 62 97 26 37 18 92 67 26 17 27 23 
34 87 1 33 97 84 8 93 28 67 15 22 98 66 64 26 94 39 86 26 0 83 52 4 67 44 37 94 27 64 16 61 50 17 94 47 67 2 5 62 35 20 50 99 87 80 24 46 18 10 72 86 59 91 56 25 0 93 18 27 56 0 88 72 84 48 18 17 50 90 79 51 10 95 49 63 75 40 8 93 50 47 78 8 37 33 100 37 25 85 64 47 85 17 19 69 65 3 86 14 94 30 31 70 24 47 32 65 87 6 58 2 53 1 77 90 35 76 26 26 60 56 74 11 74 59 46 38 
62 98 19 55 27 16 24 17 63 22 83 15 29 6 17 82 7 60 38 8 36 30 1 62 87 41 39 26 100 85 64 61 82 49 83 75 66 73 59 95 96 7 10 91 80 94 38 87 54 76 62 56 6 63 17 59 70 23 85 69 7 14 29 56 30 11 97 96 51 21 56 46 28 66 36 7 26 40 61 80 16 89 35 89 17 18 47 87 41 98 55 49 11 50 71 7 28 67 69 79 89 25 91 83 57 93 57 83 32 84 62 48 72 63 36 55 82 49 41 22 46 62 37 24 11 7 31 5 
41 0 50 96 92 40 44 48 99 0 31 31 84 59 45 21 22 48 76 70 97 16 92 9 44 96 100 22 2 97 27 9 63 78 71 54 84 15 2 83 15 100 80 66 24 24 87 46 38 63 15 1 45 74 10 90 69 9 11 37 72 4 13 35 48 84 89 32 99 57 14 14 22 60 80 47 50 32 59 89 61 41 90 6 81 66 62 49 41 39 52 12 43 65 47 92 49 36 23 13 59 3 27 82 29 73 28 79 72 53 67 32 94 22 38 74 88 66 89 28 4 41 7 48 72 54 5 87 
56 95 0 15 64 94 97 93 33 91 71 4 43 4 36 37 26 41 77 14 73 66 8 78 73 82 92 44 36 63 31 58 57 31 39 20 91 1 79 23 92 49 27 1 19 30 38 46 37 81 26 9 46 0 87 85 83 44 29 85 6 26 8 63 23 48 49 13 49 27 37 41 43 30 42 62 60 46 74 97 93 100 6 5 0 59 90 49 3 85 33 76 10 7 39 33 55 54 47 4 48 84 11 57 13 19 85 40 31 59 36 23 24 8 95 91 68 85 39 37 69 38 12 80 46 17 79 0 
72 25 71 86 75 48 42 55 67 26 61 98 85 97 88 9 72 82 100 5 32 5 42 1 43 20 47 55 38 92 56 76 84 93 61 24 41 2 79 7 95 39 72 80 2 25 55 40 73 20 45 5 25 53 73 35 73 86 90 77 77 11 52 60 4 79 85 11 47 29 85 42 35 56 88 3 47 42 43 20 28 88 92 54 6 30 55 79 15 44 56 58 22 7 85 26 53 35 37 100 64 21 41 65 44 28 68 57 36 77 43 65 30 34 85 36 64 39 15 45 49 37 3 71 10 88 97 63 
89 100 63 18 88 3 84 98 99 17 20 34 61 64 99 91 64 49 27 28 88 8 39 37 45 42 7 55 96 71 85 84 36 47 69 90 16 52 53 14 35 74 49 96 37 13 53 0 29 46 95 16 54 34 19 65 42 94 86 4 30 70 54 32 83 22 22 100 40 75 13 76 48 28 37 51 8 90 52 37 35 46 19 55 46 39 19 89 99 5 93 95 41 46 26 24 69 48 23 8 90 2 50 37 31 54 89 39 43 6 76 45 18 95 100 65 100 86 53 64 57 45 58 98 57 85 88 25 
99 10 0 88 13 16 92 10 70 46 49 13 52 91 24 36 85 90 0 51 75 53 14 31 64 73 96 88 23 83 79 21 60 79 76 39 96 67 49 31 12 98 44 30 54 34 66 4 24 33 55 65 52 36 97 16 75 58 3 98 40 48 85 66 27 60 4 89 26 53 19 4 16 30 0 70 30 33 75 54 66 96 19 17 31 82 100 5 39 69 69 45 17 54 11 10 13 15 65 6 35 84 77 51 80 78 21 10 77 62 30 8 23 15 25 55 97 92 26 1 60 62 47 43 15 24 53 95 
5 17 0 40 68 44 92 13 88 79 90 64 6 20 72 29 35 63 50 99 20 43 100 81 4 12 90 19 2 9 80 8 93 47 14 60 91 5 40 78 50 29 7 22 15 45 18 17 74 68 15 95 10 81 41 81 94 30 100 96 39 46 70 32 93 85 58 83 56 64 26 73 60 33 95 41 44 12 58 17 47 39 11 23 20 52 4 80 49 70 41 88 15 11 86 7 62 10 56 17 74 82 56 100 81 51 41 24 29 99 42 42 38 53 66 24 72 70 3 20 5 44 74 21 21 26 95 83 
36 51 67 76 99 22 42 46 39 83 70 35 47 11 77 85 31 42 75 69 78 78 55 84 89 95 71 76 20 65 25 22 82 92 65 47 80 6 93 86 89 62 20 35 40 97 87 37 5 27 72 83 5 26 66 60 20 36 1 41 68 26 29 49 84 94 96 30 66 54 15 54 16 35 56 22 98 8 25 2 35 97 86 6 22 17 32 8 54 34 15 21 60 45 36 10 4 99 40 71 52 55 91 34 56 46 56 53 20 47 56 22 43 7 28 31 24 61 40 78 61 55 65 87 66 68 97 71 
66 36 7 17 91 98 18 12 10 74 66 30 21 88 18 30 95 47 62 85 74 68 29 34 89 60 20 55 27 84 92 93 19 99 77 77 62 95 89 72 34 20 69 21 74 87 52 34 100 13 19 73 47 48 73 35 7 60 90 35 43 47 94 28 45 70 4 74 64 60 45 65 46 80 86 20 33 37 54 32 16 73 72 63 87 10 99 95 70 54 96 79 1 55 74 12 25 78 86 55 3 98 19 50 77 72 70 76 8 23 8 92 63 46 54 49 56 18 9 93 73 71 71 74 26 44 86 17 
89 38 38 58 35 24 7 78 96 43 54 70 33 28 61 62 74 82 10 29 100 87 21 72 23 59 11 15 69 64 32 23 1 37 82 2 61 55 80 56 99 100 92 98 94 53 59 67 34 35 63 33 88 50 72 11 75 83 26 10 46 25 33 47 62 81 15 89 36 62 44 0 27 35 64 21 54 22 54 88 23 83 88 11 100 59 22 74 41 14 84 54 5 84 67 33 30 83 21 66 44 31 32 71 33 96 58 87 84 12 41 7 95 28 18 94 87 6 34 94 87 84 47 93 33 14 92 64 
97 13 29 6 44 28 43 43 90 1 30 74 13 71 47 74 65 31 34 17 3 68 10 90 51 24 48 85 38 40 14 0 19 9 6 29 37 49 73 27 50 2 67 29 39 80 3 3 10 3 87 13 71 97 69 88 20 17 38 24 23 52 24 42 62 97 71 65 12 9 58 28 11 24 58 16 70 27 86 80 30 72 59 67 69 28 54 55 11 93 46 0 10 70 8 72 33 45 37 45 55 95 73 66 86 97 83 55 23 34 1 19 6 26 86 41 54 6 96 31 65 7 31 75 78 39 13 77 
85 16 21 39 10 94 71 62 91 19 84 80 54 51 100 60 77 51 67 31 57 28 28 21 36 60 97 80 65 76 56 15 92 77 54 1 36 92 30 93 77 13 73 97 64 38 22 40 89 89 37 12 17 66 33 53 92 96 32 56 71 88 72 62 30 92 30 66 49 26 59 26 39 98 22 69 35 45 75 90 33 79 1 16 10 1 69 1 97 67 23 34 20 61 96 16 53 92 83 68 17 7 94 22 71 83 57 72 27 99 27 26 77 29 9 53 97 44 54 93 11 43 26 98 4 89 14 23 
80 63 91 64 36 85 86 6 33 9 44 26 7 71 18 50 66 27 2 62 72 56 55 49 65 47 46 69 1 60 92 82 89 49 11 24 100 63 97 32 72 40 58 45 11 76 95 77 3 97 39 41 18 60 90 84 73 35 18 75 62 77 22 50 25 33 41 24 96 37 22 34 44 80 79 55 55 74 98 24 36 2 65 55 28 54 4 1 56 22 76 84 65 98 100 90 30 40 80 92 44 1 25 88 47 71 8 2 10 5 93 46 75 24 67 2 78 71 3 100 60 79 83 24 76 83 81 72 
22 60 64 32 28 55 19 75 92 27 43 1 100 36 14 74 26 81 76 3 52 46 70 11 24 52 1 67 0 82 38 90 8 68 21 36 90 41 77 47 68 20 49 33 22 29 6 48 9 49 17 27 95 87 4 85 5 6 51 5 88 56 95 96 90 16 98 45 23 75 93 57 61 7 91 49 36 97 97 45 11 80 73 5 67 43 57 38 49 7 43 3 29 38 65 86 20 63 30 43 3 22 100 64 96 90 12 31 53 75 43 30 54 15 2 87 24 59 24 74 32 68 77 62 72 41 13 58 
70 43 0 73 32 66 2 27 56 14 59 75 89 1 4 9 83 73 96 6 31 87 46 64 20 22 92 92 30 4 15 66 13 15 39 45 81 41 39 2 22 64 43 77 65 14 86 13 87 48 86 18 34 32 48 20 20 5 78 16 76 93 83 89 7 88 0 54 95 39 23 16 2 32 60 33 46 11 12 100 59 98 84 59 96 31 79 16 36 56 32 11 48 81 66 21 68 66 42 29 71 31 11 39 63 71 72 9 83 50 8 7 48 58 67 43 89 11 25 91 34 24 68 48 71 33 36 5 
66 78 34 36 8 45 76 71 16 13 46 65 64 20 72 11 78 4 20 32 16 12 22 50 36 56 64 6 90 100 11 55 77 11 57 51 57 32 89 39 46 34 3 76 21 75 87 99 80 73 98 62 85 19 78 87 76 41 60 31 41 71 52 84 49 8 35 5 7 90 44 19 90 13 95 10 54 47 76 100 86 73 61 37 92 38 23 33 46 83 30 87 20 48 36 69 23 37 40 30 26 50 15 16 63 76 26 16 89 1 16 74 40 43 77 99 82 0 31 94 49 28 80 35 76 82 70 99 
19 76 95 11 25 76 27 88 51 20 71 39 88 53 80 28 96 56 26 43 22 23 36 38 51 15 39 94 64 76 58 83 51 53 94 77 28 88 30 46 74 67 51 61 19 30 89 15 53 81 58 41 4 95 79 21 76 85 81 39 60 39 88 10 58 48 53 52 35 50 98 8 16 49 35 36 45 91 17 64 71 75 5 41 35 50 29 11 34 9 16 94 14 4 4 72 18 23 91 53 73 88 27 90 2 62 92 48 52 8 11 90 49 83 97 85 33 25 62 67 1 78 61 82 48 31 20 66 
20 10 85 94 98 11 49 0 40 40 14 58 48 92 47 97 75 44 47 7 35 8 40 2 53 0 85 0 98 4 33 18 81 17 78 78 96 26 44 35 32 24 93 80 16 6 42 91 16 56 64 17 64 3 20 16 71 71 84 34 41 16 52 21 100 96 65 95 21 76 96 53 100 89 99 15 61 7 72 43 29 35 60 93 39 46 76 76 16 25 9 23 41 28 44 6 23 76 1 11 51 97 64 50 51 29 66 11 2 37 54 31 39 81 90 78 26 65 53 9 56 62 32 63 90 43 70 80 
18 71 91 69 67 20 85 85 49 50 96 17 54 16 48 93 63 4 36 55 35 89 64 92 16 97 54 73 5 23 52 23 94 42 58 27 28 42 11 44 59 73 61 12 55 76 71 84 80 6 39 14 95 2 72 77 65 26 15 70 49 67 59 9 75 83 2 70 25 80 13 50 18 74 62 74 15 99 57 95 4 62 76 65 65 47 41 96 39 23 66 55 90 91 30 31 74 32 0 65 11 13 14 96 53 42 69 69 40 93 29 10 20 71 75 85 85 82 81 23 4 12 78 61 69 7 92 8 
5 58 39 83 37 19 79 56 27 13 24 33 72 20 43 93 91 17 43 75 100 23 65 3 1 42 64 37 16 21 45 21 45 85 71 82 3 49 38 98 28 28 30 0 48 74 93 5 91 35 46 56 25 10 26 93 53 56 29 35 78 41 22 22 92 93 71 61 7 75 58 36 2 89 2 17 62 95 22 18 96 68 41 87 79 67 46 98 22 75 32 66 82 54 55 73 13 25 34 20 66 58 56 68 46 58 85 74 18 73 59 81 41 100 33 86 66 79 83 54 20 14 20 1 34 41 41 47 
32 41 68 98 99 90 65 11 14 16 85 99 89 43 45 29 8 79 14 74 23 63 95 43 77 14 45 78 21 52 24 53 93 58 50 91 14 81 68 95 63 53 59 52 62 4 47 71 49 62 10 72 91 4 82 68 85 93 11 5 44 1 24 36 26 40 93 40 88 27 0 50 80 25 1 7 96 49 44 44 77 21 83 67 25 64 0 77 22 78 48 66 80 39 68 5 79 26 11 66 53 78 16 99 2 84 6 99 99 16 8 75 37 91 8 29 20 75 5 42 53 19 74 32 58 41 3 37 
68 14 69 20 92 51 19 60 35 92 58 33 7 67 75 11 23 83 40 10 23 11 52 76 30 93 74 89 33 77 92 0 57 60 88 14 78 73 75 12 64 99 11 37 31 86 48 55 34 88 65 24 99 83 100 29 75 40 84 8 83 75 75 40 0 28 20 78 0 61 56 64 60 68 1 91 19 49 11 20 3 76 44 1 25 9 97 66 49 80 40 99 20 15 38 88 9 24 65 10 86 88 40 11 55 41 68 40 57 80 60 26 21 70 27 12 80 91 79 95 70 18 93 57 100 97 44 9 
88 75 19 39 62 59 50 16 67 84 23 90 63 49 15 51 19 8 63 65 99 41 59 35 26 18 92 25 81 1 34 68 76 53 6 38 79 22 20 11 6 43 67 35 93 82 52 11 56 15 42 55 22 67 56 48 51 13 74 32 14 74 66 90 94 73 27 72 61 48 49 67 91 15 69 49 97 20 26 18 1 68 39 24 1 95 38 52 7 78 84 21 52 50 78 11 89 4 83 49 18 98 83 76 12 51 24 75 37 17 93 39 85 32 29 86 93 33 38 0 11 88 88 29 37 65 40 25 
36 89 41 20 86 23 96 64 40 87 38 77 3 97 15 54 28 10 40 21 44 44 88 55 31 75 50 35 6 90 26 8 44 33 28 96 56 24 59 96 10 63 39 80 59 54 33 88 65 73 75 8 83 62 29 81 2 79 82 75 34 74 83 44 7 11 39 63 1 64 25 11 26 64 57 85 84 90 38 14 29 79 89 11 6 17 58 9 62 39 50 62 13 33 5 87 10 10 49 11 40 40 89 66 3 45 17 54 34 21 68 63 67 57 41 73 40 99 48 2 4 99 64 84 31 36 70 41 
12 85 18 53 25 6 85 95 51 68 48 85 90 16 14 56 39 55 95 79 19 43 81 90 7 11 73 38 13 8 45 25 94 63 78 85 35 63 79 86 30 27 36 86 9 50 7 48 71 2 26 91 11 74 80 18 51 19 22 64 94 33 89 53 96 67 37 97 96 83 82 92 76 17 78 85 34 85 99 4 53 91 61 30 64 7 48 81 93 36 44 86 69 33 39 30 66 76 26 61 58 74 52 33 92 96 84 92 47 82 62 100 39 23 97 69 97 44 50 89 47 94 40 15 26 79 12 58 
21 38 18 45 12 37 45 70 32 28 61 45 77 89 11 82 78 7 50 74 17 100 28 64 94 69 46 86 13 58 44 34 62 28 46 40 65 91 9 64 85 36 75 27 25 86 8 2 93 59 43 10 58 71 40 17 5 86 3 19 9 13 19 72 41 65 78 73 55 88 2 6 90 77 33 81 63 42 50 21 0 93 98 24 29 38 42 35 90 45 20 66 24 39 3 65 71 81 3 25 68 5 98 24 49 31 4 78 73 54 99 39 12 97 63 8 0 4 9 56 15 29 21 39 34 91 71 4 
72 74 97 5 46 94 29 95 24 0 72 97 20 36 1 100 99 65 7 99 69 16 21 51 45 8 90 45 100 26 50 71 0 46 76 12 39 72 6 64 38 44 26 58 46 28 57 45 59 64 9 27 46 30 44 91 5 0 36 4 26 52 41 93 98 16 4 2 54 77 32 92 20 25 50 33 53 73 78 78 3 87 4 49 84 15 6 89 15 42 93 41 60 100 34 57 82 38 25 36 82 58 94 68 83 9 0 1 83 78 79 86 31 49 34 14 64 40 69 79 48 27 87 74 26 20 97 7 
24 22 9 5 80 3 74 28 12 40 29 61 18 74 12 15 22 47 96 53 53 64 31 68 57 84 41 83 3 38 56 95 60 66 66 5 35 5 33 47 46 28 75 64 1 87 79 23 100 40 76 19 3 74 87 60 57 94 8 27 98 30 88 57 96 53 28 30 59 27 44 4 55 18 34 56 71 79 46 71 18 88 56 21 61 42 47 85 1 21 78 100 51 65 22 13 17 51 43 76 78 53 46 100 37 80 55 75 24 0 11 42 55 67 29 15 75 42 66 76 29 43 75 81 7 64 94 25 
14 2 67 58 22 80 57 25 25 79 100 50 45 10 58 100 77 54 82 51 96 47 94 25 91 34 72 98 98 31 89 78 33 22 2 21 68 59 47 93 37 46 8 49 23 67 48 100 20 29 17 82 77 77 73 33 77 44 97 75 75 86 18 75 74 20 96 41 46 8 100 49 21 8 98 44 41 12 9 27 41 93 8 17 69 82 16 12 92 13 87 67 99 71 41 38 58 2 45 3 78 44 18 99 18 83 8 59 95 17 52 35 77 27 19 45 75 35 23 66 48 9 32 12 47 39 50 4 
8 95 74 86 5 92 50 23 74 58 49 68 75 0 70 51 27 89 63 1 23 86 68 38 62 66 50 8 72 67 79 46 27 52 31 99 9 81 22 50 38 37 84 79 37 53 97 31 7 59 99 98 10 32 35 72 99 51 46 36 84 91 82 11 8 79 9 18 59 98 34 63 34 17 41 38 37 37 69 44 62 67 41 73 100 42 10 64 94 23 66 77 13 47 54 89 25 30 6 50 27 6 79 62 23 86 100 26 90 34 71 17 0 78 90 66 20 67 96 13 90 61 56 69 74 10 57 65 
40 29 81 33 35 59 95 25 45 60 17 0 94 88 17 61 66 74 93 52 40 89 31 96 15 87 30 90 63 54 54 69 83 1 2 85 60 63 76 71 23 93 71 83 47 89 9 79 28 69 30 68 57 61 29 38 13 59 27 77 12 48 45 62 49 47 12 75 10 54 46 100 12 83 48 59 37 24 3 65 93 33 32 15 60 27 53 74 53 47 16 31 61 27 93 76 41 71 50 51 24 62 16 3 45 30 62 82 54 66 13 46 65 11 61 92 39 81 31 92 27 13 22 88 40 82 29 81 
18 79 98 43 41 13 46 52 10 74 100 64 5 12 77 37 24 37 28 63 84 25 20 10 38 42 64 78 90 93 59 8 38 56 17 45 36 29 97 46 69 62 76 75 75 52 11 65 56 5 94 39 30 13 16 68 21 80 11 78 39 70 86 77 93 69 21 95 98 84 6 66 45 82 40 86 0 17 50 56 89 43 61 18 22 77 52 10 23 64 88 28 100 73 71 92 41 58 52 4 41 58 70 52 6 77 4 73 60 54 95 49 64 55 33 52 99 86 62 21 49 49 15 48 88 86 6 95 
43 58 99 84 83 35 1 55 11 5 27 71 26 21 86 56 42 19 7 40 4 70 27 19 85 42 33 73 27 5 33 70 30 32 19 79 67 88 33 44 93 26 81 85 13 67 40 55 52 48 96 56 84 89 41 68 31 40 6 24 46 40 95 76 38 80 54 4 67 53 14 26 79 95 10 92 27 51 12 79 65 74 34 48 63 41 82 60 82 89 84 94 95 78 69 32 24 89 2 91 41 16 83 86 10 60 43 38 77 55 16 41 29 17 55 58 24 36 17 72 91 0 65 85 45 100 83 69 
88 85 25 95 0 75 46 78 34 89 82 10 44 98 17 39 81 72 63 72 74 80 43 31 46 8 82 91 7 65 25 62 15 51 22 83 92 69 60 25 57 41 1 67 4 18 72 86 56 34 23 96 13 66 93 60 74 75 16 48 5 42 76 20 59 98 2 50 66 28 75 90 69 42 56 40 60 95 92 82 28 14 43 8 80 36 34 20 10 16 68 82 58 43 68 16 6 37 32 73 65 73 28 0 14 50 40 40 44 98 88 39 11 31 13 91 67 47 77 43 29 44 24 88 53 92 70 60 
95 69 99 60 41 93 26 22 42 32 62 87 29 50 92 40 47 4 97 13 17 74 56 46 17 46 33 37 3 70 63 99 38 27 24 45 19 50 67 61 82 96 13 10 45 4 16 58 8 12 71 92 86 93 38 70 4 37 6 7 6 35 72 10 62 96 56 47 11 89 74 93 84 88 69 95 58 85 52 33 98 89 24 49 81 62 18 85 66 91 59 38 92 30 49 19 93 71 66 3 59 40 97 9 94 31 3 51 83 56 50 80 44 75 95 92 2 13 42 68 70 0 6 62 98 21 81 90 
58 13 93 83 53 55 92 12 87 62 29 69 17 80 14 27 20 8 85 22 88 27 57 58 27 29 19 91 16 66 80 74 79 39 56 98 94 14 76 46 76 5 81 59 51 95 52 71 70 37 59 23 64 15 81 57 44 66 48 26 99 27 100 77 32 22 41 26 2 16 72 44 88 19 2 38 13 54 8 49 57 68 73 20 83 19 44 94 86 92 86 50 85 86 26 17 74 33 9 76 50 81 19 37 100 88 42 80 7 50 95 65 17 33 51 67 53 95 26 4 86 11 54 37 63 46 20 36 
80 29 78 96 76 97 99 42 50 40 21 58 57 82 89 74 15 39 6 68 34 99 72 86 77 92 89 39 37 8 42 83 37 19 44 13 83 43 21 99 49 42 56 5 90 44 46 4 50 52 38 84 17 9 35 94 67 24 99 4 99 40 53 2 26 98 82 75 6 2 73 55 10 29 61 100 39 6 4 89 24 42 38 7 18 40 0 85 30 100 55 28 5 75 30 31 72 78 5 78 80 79 99 90 74 59 90 12 31 60 68 22 68 72 29 86 11 30 37 41 96 58 36 0 32 32 99 70 
10 3 47 90 48 46 46 21 71 1 0 69 61 34 91 28 5 86 81 84 82 84 91 77 41 26 44 40 59 42 9 35 11 23 91 60 69 36 47 5 37 13 74 64 13 30 93 19 16 39 69 64 22 59 41 29 86 51 35 10 59 45 11 70 34 1 96 2 38 9 74 41 89 14 5 2 44 64 88 26 69 56 91 57 14 98 86 66 48 88 76 73 99 87 42 32 55 4 0 93 80 74 100 68 88 4 36 99 34 23 24 2 79 81 59 94 78 11 59 92 99 1 64 97 54 73 28 8 
43 28 67 22 68 67 56 56 37 93 20 38 15 44 40 61 25 66 54 69 77 79 61 41 46 91 3 0 63 31 75 5 25 42 94 59 75 16 81 78 8 0 15 90 11 22 50 2 88 70 71 30 49 98 71 95 89 74 61 17 71 36 23 62 44 83 20 85 99 1 62 73 1 44 63 12 32 12 81 19 83 52 15 98 15 86 58 3 25 86 21 62 21 10 23 31 59 43 15 58 10 43 30 12 87 93 91 85 72 72 70 20 90 85 84 4 36 41 75 61 26 96 22 13 72 45 44 30 
55 25 88 65 69 85 43 21 43 0 6 14 38 76 0 27 61 84 98 97 25 72 24 17 33 12 31 4 24 41 1 45 67 89 9 35 39 19 56 83 19 28 63 57 4 64 50 31 47 47 94 38 86 84 56 18 97 53 90 87 60 91 31 26 45 40 27 85 25 50 33 44 78 96 67 48 59 16 79 73 30 73 10 15 22 32 100 18 51 89 4 11 45 35 3 91 42 31 41 67 81 74 78 58 69 44 6 95 27 51 67 57 90 43 38 12 42 37 30 93 93 1 70 3 2 74 94 10 
71 34 78 51 7 21 75 43 65 47 37 92 99 70 14 88 12 52 100 54 56 97 13 14 64 49 17 32 22 78 43 59 78 87 9 52 7 51 95 38 98 98 97 96 67 10 50 79 29 15 100 51 78 79 65 41 27 48 74 16 25 83 75 70 69 51 21 42 1 82 80 99 79 76 61 45 87 77 90 82 92 55 32 70 33 97 77 27 10 50 9 2 99 84 72 67 0 59 8 1 40 89 67 18 30 94 63 16 70 18 98 61 74 96 97 73 58 74 100 69 90 8 71 89 59 8 21 59 
67 30 27 6 85 60 91 81 53 19 98 22 37 61 49 77 23 46 50 81 86 49 49 75 58 86 29 83 60 51 41 26 47 68 99 98 94 55 78 46 74 41 34 78 69 84 54 92 96 3 72 47 19 88 88 77 73 17 25 33 34 66 25 47 0 91 44 94 45 88 40 19 29 40 97 98 90 16 55 51 20 93 98 39 80 86 82 53 69 6 52 2 38 77 49 38 67 59 99 12 46 4 98 41 44 60 4 0 76 59 51 62 52 49 67 31 0 14 50 69 87 1 37 92 45 52 96 11 
77 94 90 22 64 53 64 8 79 34 8 21 94 25 49 11 74 16 8 40 97 59 75 50 60 78 41 71 29 36 49 5 30 4 95 94 58 24 68 36 58 42 57 17 68 73 28 7 89 37 14 51 62 89 0 88 67 7 59 62 44 7 34 40 11 95 100 69 18 34 72 42 76 95 60 9 67 54 84 21 57 98 39 18 86 5 6 18 13 65 81 57 38 14 63 49 75 62 85 93 96 22 0 38 83 26 13 16 81 97 37 3 94 42 22 46 48 95 30 61 25 10 84 63 91 46 78 65 
7 28 23 70 50 91 74 100 16 87 15 63 84 18 67 43 61 55 55 8 15 86 35 40 62 18 69 19 64 12 50 37 41 40 6 57 30 80 56 46 67 37 9 16 56 42 25 16 63 81 91 78 32 25 17 94 43 52 79 6 64 29 43 71 69 16 28 65 62 50 10 95 88 86 10 43 27 36 25 56 83 82 33 14 6 16 74 15 68 53 88 99 48 30 69 83 12 97 47 75 47 23 69 0 9 46 43 2 48 34 59 30 15 58 10 88 75 50 2 8 2 90 6 16 86 76 65 65 
38 11 39 51 1 74 51 10 86 60 79 33 60 3 29 75 62 5 62 2 56 30 10 58 19 84 41 72 25 5 36 63 84 41 81 85 14 31 61 67 58 39 100 17 9 96 59 37 0 87 39 56 17 15 81 2 99 21 74 23 93 76 53 76 16 33 26 98 30 87 64 88 93 29 72 1 91 30 4 92 16 43 13 33 24 94 36 90 81 76 12 74 52 31 15 34 64 42 31 61 28 61 14 87 57 86 54 47 15 58 4 32 67 18 31 92 78 33 81 59 9 59 99 27 91 80 27 20 
21 59 47 16 86 62 2 42 47 57 56 63 81 60 61 48 78 92 39 56 25 86 81 0 44 79 27 0 58 54 88 46 79 34 28 31 62 30 73 9 53 95 38 34 55 99 82 99 90 87 54 14 72 0 14 82 45 7 49 70 28 2 15 6 36 43 37 99 39 77 74 59 71 11 59 92 9 40 91 65 93 10 80 30 11 60 78 56 34 26 92 62 28 6 34 31 15 38 96 21 81 69 46 17 46 4 9 55 10 100 19 2 76 65 32 87 92 76 9 92 2 0 53 97 74 53 94 55 
57 55 42 37 23 88 55 35 58 30 56 68 96 76 70 71 6 68 24 64 44 100 55 12 66 74 75 5 94 69 61 50 23 69 88 13 23 8 48 81 4 4 49 100 46 85 70 18 53 60 49 63 59 3 75 25 44 15 30 37 84 57 53 74 26 6 87 15 14 0 96 18 71 10 84 16 96 20 1 14 80 50 77 39 19 17 64 63 32 60 66 83 17 19 56 9 25 8 91 6 8 86 91 80 63 75 62 58 95 29 38 74 79 14 79 65 98 8 27 96 69 60 78 52 79 100 27 70 
7 17 42 83 69 33 62 31 74 90 55 34 19 93 74 64 73 53 28 70 61 22 32 96 82 9 47 26 76 40 62 83 57 4 65 26 37 93 57 77 49 79 10 68 71 84 98 44 2 93 13 30 14 45 25 62 21 39 54 97 79 15 45 2 19 77 28 56 69 51 99 84 29 8 17 0 59 15 44 61 7 23 57 88 35 49 15 22 88 69 85 32 84 96 34 3 72 28 25 7 80 24 91 75 99 8 75 57 90 85 85 63 75 41 50 76 90 65 64 43 100 48 42 83 9 42 52 82 
