32 32
38 1 79 91 68 88 3 42 56 20 26 94 54 20 38 8 48 94 9 90 94 78 58 96 61 29 46 36 16 37 92 55 
4 36 11 72 23 15 80 46 35 6 39 55 26 77 30 41 36 39 97 30 83 20 25 9 15 38 45 31 41 2 86 12 
38 64 84 28 79 64 74 80 70 79 35 62 55 65 69 57 70 65 87 18 51 79 28 66 83 39 98 90 42 49 1 46 
12 52 40 91 15 80 71 51 58 72 79 79 2 14 36 38 45 89 56 97 67 50 62 15 90 25 5 31 75 73 77 87 
24 84 44 5 63 81 56 21 18 1 100 20 82 35 58 26 24 80 22 57 30 51 73 19 76 44 16 16 16 59 70 41 
42 13 46 5 60 69 93 78 36 92 64 17 94 21 43 84 67 32 6 97 83 45 82 24 89 64 41 72 23 10 12 31 
90 24 2 49 59 95 26 95 87 90 78 46 77 88 96 9 19 1 6 68 47 54 92 1 18 32 73 7 8 51 4 98 
42 7 46 0 1 38 62 54 94 5 100 70 93 95 80 78 63 52 45 9 72 3 77 56 35 50 29 44 67 34 41 8 
41 54 76 42 92 37 97 86 42 62 21 1 23 67 79 86 85 24 95 57 94 37 79 28 87 8 38 54 42 46 28 49 
100 3 57 57 6 53 42 15 82 30 16 4 97 95 90 82 85 50 4 78 87 49 73 40 57 77 60 65 89 54 13 88 
58 37 11 64 90 19 79 37 49 61 41 12 22 97 94 6 12 64 51 66 12 90 5 36 66 31 67 21 85 47 8 8 
84 86 73 39 5 17 77 54 45 84 66 67 81 25 39 59 55 90 24 34 45 96 70 78 93 36 99 78 83 73 86 32 
59 24 72 30 8 48 50 53 31 83 19 78 7 24 3 29 81 94 63 25 90 99 2 82 0 67 25 50 40 78 82 65 
68 53 95 76 67 44 95 99 26 80 42 0 4 11 96 85 5 58 76 61 56 45 8 22 11 34 72 17 78 54 82 45 
6 42 88 74 87 48 38 79 28 46 45 99 58 40 49 29 98 24 90 19 35 98 42 47 98 13 30 41 33 12 87 40 
20 40 80 6 88 84 52 15 29 97 13 53 37 28 82 0 53 37 20 88 1 28 0 99 7 31 40 41 9 93 47 96 
32 93 69 86 76 20 1 4 16 81 24 19 9 72 20 28 9 6 82 77 34 83 41 7 80 47 14 55 39 27 50 37 
19 18 23 95 4 91 66 21 71 90 40 46 61 26 40 36 32 22 12 32 4 54 6 50 0 20 71 6 48 20 9 33 
5 32 28 9 22 94 97 60 83 3 72 9 29 12 12 28 34 24 60 4 44 32 20 11 53 91 84 67 77 93 100 82 
92 94 58 80 87 54 5 35 23 78 11 53 56 23 47 90 13 73 60 58 5 80 35 24 36 85 57 12 77 56 61 68 
16 18 14 2 38 19 4 62 97 15 81 52 38 94 7 51 66 33 75 71 12 76 95 48 60 51 27 37 74 88 71 90 
72 85 58 76 71 62 3 33 77 50 52 14 43 59 32 9 93 6 80 71 83 41 86 42 58 12 45 98 66 83 53 3 
33 11 79 3 39 83 37 16 99 89 97 42 13 28 51 72 35 97 43 84 3 28 92 28 6 37 25 72 86 79 75 18 
56 19 22 95 68 25 77 67 80 74 8 93 1 25 65 2 88 74 86 58 1 44 86 74 81 77 45 32 21 86 50 77 
4 38 38 39 63 14 5 42 88 80 1 56 71 66 24 58 39 77 82 6 20 67 46 67 10 91 99 31 42 48 75 12 
87 12 51 15 93 56 24 47 1 92 2 72 57 26 97 62 2 78 34 89 11 80 55 21 36 53 18 44 1 93 56 54 
71 7 35 64 29 25 10 31 16 79 69 39 71 65 67 40 9 0 28 20 46 84 7 48 36 92 92 3 85 48 23 55 
21 25 85 16 50 95 13 33 73 83 72 10 47 39 50 56 5 78 42 18 61 15 66 64 7 58 33 58 72 57 12 93 
82 64 75 98 58 89 30 98 71 2 7 84 7 57 6 12 0 14 97 28 30 63 92 3 20 24 61 58 47 39 16 95 
2 91 59 27 79 89 24 15 57 98 100 30 20 72 9 20 86 5 48 15 68 5 18 54 97 45 11 43 85 27 4 53 
85 63 80 29 51 70 45 75 33 10 4 53 82 13 40 67 19 88 83 53 60 67 7 56 79 85 99 29 79 2 82 63 
31 62 92 83 98 36 23 31 46 27 50 27 7 90 61 26 44 9 45 3 76 52 25 20 3 90 49 82 59 31 44 90 
