32 32
75011 74274 85199 76209 80380 84499 70174 71239 85105 98136 76390 66341 67934 84375 80378 72796 66888 80681 87143 77767 80640 84346 72835 61652 76129 77295 77767 71067 94874 79918 75070 77475 
68045 58820 82110 61343 77021 86614 63913 71227 80109 81507 66461 69415 69277 63338 68967 67143 66748 72673 74746 75494 59051 77250 79121 59133 74310 74354 70097 67437 78934 76301 73224 81599 
69839 69419 85384 76817 82030 87556 65451 69602 79526 88084 73995 64606 63313 65905 72679 64207 62504 79018 80357 73406 73257 82991 68240 61629 78546 76298 77548 70613 92572 79767 81203 78426 
75983 75970 98130 77877 98392 90736 88916 92546 86972 101672 88184 79715 86488 87844 96339 82910 77257 88347 96282 79554 82896 100402 81798 73955 90336 82840 92434 75397 93747 84585 88374 80475 
69403 56445 65973 69665 68220 79283 71899 73151 78097 90747 65766 67399 76960 68347 75346 68454 57971 70832 70484 70372 66393 84151 70065 55028 72388 76916 82314 59770 74963 74881 69389 71782 
81542 71003 91306 84180 98390 89410 73452 87092 82559 95996 63936 82890 73048 81477 87525 67650 66773 88441 93855 75891 76786 99332 76724 69426 71684 90255 90537 70672 79000 84739 82246 93463 
75784 70723 100177 78697 99004 108272 80547 90524 101038 106904 83481 81258 83910 84675 88572 72593 88015 88905 93641 86626 84911 99816 86991 82740 84559 85817 92877 82145 89829 92656 88686 98651 
57487 63067 77296 64638 75580 86355 73129 67501 73321 75761 61702 60840 65750 63460 66965 59404 64459 76236 73513 67143 72258 75352 59690 64380 73536 70698 75514 58854 74722 68663 71636 76634 
72223 71473 88827 83375 88671 92245 74098 78766 78188 93184 62431 64371 66010 70477 72553 67563 66581 68999 88865 73467 73954 88344 70569 61667 77945 76613 82205 68521 82269 74149 69290 83685 
66167 66019 83832 88043 90563 91938 69912 83023 93980 84593 77702 75846 68161 86036 79817 62903 67640 78241 94371 78771 74013 97242 78540 62182 71989 79185 85442 67232 89703 83966 90891 89089 
76895 54770 82471 72245 78943 85289 61903 77725 82210 84856 64682 75090 75544 77951 78648 64435 64298 67996 73910 75844 68046 91547 79231 63595 70588 74761 81519 68701 75659 80209 71776 89423 
80342 71280 88002 80627 88587 90156 74845 77855 89263 100648 79256 83357 80379 86382 91385 68273 73886 86635 83038 81428 66736 97206 84049 76163 74997 82556 81564 69189 85390 92725 80808 93213 
71855 62273 83169 74525 82688 79410 57866 71617 75448 82625 62560 71869 65093 62997 75303 65575 60186 79920 78603 76998 62019 85234 72872 61388 68240 67984 74501 63135 77831 75334 81067 72376 
64426 63364 82515 73250 88707 84066 66193 73415 86432 90806 74843 64306 55203 77998 76479 62239 66145 69807 84372 74641 61699 82505 80824 58187 78837 72684 68694 68890 86931 84062 71270 89247 
96572 74624 105770 97427 94887 106080 78024 93364 99828 111542 88163 90828 87003 92022 96611 85385 75726 97150 97724 101846 95311 109138 96346 76062 83683 93406 93980 83292 104336 97952 100900 101205 
64777 63414 73851 74991 70454 87251 77097 77523 82046 79181 75621 70102 66750 69112 67965 59163 67519 69700 78404 71866 65506 84033 74270 58028 82747 68768 74636 60687 84885 73928 73042 83293 
77067 75990 88527 69921 87659 91934 79722 87969 87180 85223 81981 72662 84334 85750 80667 72209 75294 74871 86135 72387 81490 91850 82110 63429 88320 81949 87537 74542 89067 76521 76143 85066 
76473 77008 101778 81448 87453 89234 81966 82771 83564 97301 70436 76324 73628 83748 83145 72424 78227 81427 90129 76535 88797 94006 72003 76317 85511 76282 86847 77263 87298 77141 78860 83101 
71195 70529 88000 65587 83362 92741 77975 73348 80053 95718 76375 66787 71283 73593 77198 60213 74429 79769 77907 77828 78400 87461 68530 73730 84613 75964 79880 74912 85055 83289 72271 84274 
72244 69159 89148 77944 89077 99276 81630 84389 100794 103760 81466 74077 77360 86797 83673 74164 73045 82955 90181 81685 75650 92433 88188 70269 77941 79213 91941 79178 94189 90419 75900 88453 
66924 62581 80596 82572 82582 88245 69747 77594 87925 90855 71612 74392 64862 74053 77176 62722 67543 78449 85604 81294 63409 94267 72715 64341 75868 73470 80976 62685 86679 85176 85270 87157 
78942 72994 96399 85039 90352 106678 85242 87971 97749 107590 85751 81327 74470 83041 88792 71947 69383 94741 93715 83494 84794 97643 78395 75656 75276 83944 93850 75233 98312 96317 93217 91178 
62261 70093 91318 73052 90377 89900 81550 81103 92342 98429 80370 80324 69850 85311 80285 75337 80188 88703 95412 84040 77925 93599 78456 73431 82806 82982 78758 74040 88081 88074 91461 87038 
60186 58917 71791 60172 78556 70625 60516 62485 70789 86678 69358 64941 55013 69869 73968 54758 56106 65481 71538 74330 47366 80733 66450 55233 68702 62840 62696 58438 74853 81859 72377 72065 
63283 59771 76925 62326 76336 84739 61207 66892 66991 67906 54358 62358 66436 58286 68210 54787 56690 70683 69692 68851 59208 79383 60967 55774 72565 63425 69962 59763 68421 68734 65549 75926 
93852 88403 103249 98550 99423 111632 89663 93749 105392 110927 100177 88305 85762 96214 98594 84028 74228 94767 103695 93560 85556 108188 98126 70206 93420 97099 98625 87089 112004 101212 94909 104043 
72320 73780 98758 84127 95056 93699 73495 79374 92563 97416 75904 81340 70327 82112 84608 72267 78482 91404 91009 87396 75208 96251 85136 76370 85994 85486 80552 74379 91775 94660 92284 99893 
76085 76352 106124 87183 105577 99702 67063 83845 90663 96957 75513 83320 79456 87053 89781 75445 80154 83200 98291 77200 87372 94162 79176 77988 85408 90751 88424 77945 92485 83385 87530 96477 
89364 82403 111145 97334 109035 107568 99357 99899 100910 122086 77963 86274 87604 90212 100755 89173 86037 102083 108693 91815 88506 118120 86657 82605 94937 104432 106115 90691 103540 101909 96238 106423 
80815 65910 94857 82421 92486 99575 68471 83300 86126 103091 77414 76607 76529 77955 87476 76811 65453 78427 81009 92601 76689 92900 85646 66330 78984 84287 80431 70210 89682 87445 79766 101669 
61863 58133 73565 70819 79357 82245 68362 78588 84158 84843 68794 69525 61221 70284 67547 59903 68013 70187 76082 71006 67863 82442 77657 58577 74626 71196 73210 62859 76028 74411 72540 83914 
53894 59073 81923 57511 77701 82021 60540 65582 66515 74474 62943 62461 59959 59783 66892 60034 55291 71155 75169 65399 60294 79517 60893 54331 64164 67381 62509 58065 67177 69762 81053 75043 
