1000
768643078
-161804441
342991950
471644572
-569370274
952346721
-799368955
489127036
-317988654
-274213626
-97609146
860887452
472307441
-804282398
347930838
-169612678
691117798
-483644556
938909319
-6849733
-230399870
821897139
855148008
-347828881
930255298
704351051
-399359012
-254852822
-726914828
-189353182
288374740
782140942
-275743100
363736418
267690519
-703570764
-420197224
-590620456
213700595
-866851397
-957779148
572662328
155533118
348804283
466715847
448584449
427731965
250776693
-743424760
684096476
179495974
-241667861
50469165
858862653
685022887
884866569
744885255
-75500923
-52195760
490440645
-216741971
-789148160
-847261656
-859550826
74839589
-504861955
-731089912
623758564
-379247608
-337731760
-160145207
911926610
117610805
577820495
-980567188
-582708193
-41641284
-811521199
-786033056
-923633250
-829935218
-261429319
-420120321
772693815
-728773323
-436015529
750492829
-332915288
792504588
-485174142
-475215451
-278078420
-835669564
336130350
-881275951
-176975487
-336510602
-628198984
-635232998
816748921
-642154382
-326568383
-296260326
930461879
-873169820
-626247424
168465656
802809901
-42257387
954947632
61061558
188336878
-295018783
800462511
974841248
-595577915
-508065002
-960728655
844205401
693911296
127772706
886086287
-549025822
-160110570
274942885
625301558
897684932
-753898333
-186570689
-187841178
-897005146
136135131
157218716
-386566599
-147149809
906982693
59403868
-532382113
703677375
653115780
-121710274
568653759
-114902135
-747471808
-541397063
-561664715
394829853
617251945
-291053268
177460097
-377188056
-487014766
721168510
-693560944
-453036918
656157613
336172089
522735860
-24669166
760417315
-338557058
-628329101
837118142
719144189
-141388988
-196796681
-927547802
483500441
-995444127
698220346
803981907
878074013
-127966443
277453559
334267978
-195500967
871810219
-506557760
-177782965
100717989
-7229158
-389311612
282274010
437923918
-196409888
-956803115
917143528
-692316770
-754556663
701825126
-691267170
173064128
-431389582
-166869627
469981374
243186729
-332832603
273926003
-513083757
-899026594
740858941
-396105495
-575308491
-605887293
426048644
-896365431
-952798411
-806566276
841295149
-744266057
-840313416
-436326974
251889117
229486000
-108808425
11213203
25773623
876107131
994544235
-348812703
-514356202
864638452
-582963134
-255562319
-507331991
100003542
-355629242
957837696
313620311
209616617
-240370115
-351122410
-246300501
500073096
811490327
-446127804
604569141
699362194
304455127
-99444373
964677380
-210293316
828879851
821857933
-747925785
-614164297
142214708
-133522825
-306834013
-312398413
-645785328
14298745
886177114
-177358155
-816502161
364286647
998618641
275092160
-740565171
-939295345
779355418
402466414
-421692212
-146143750
-72491701
-97365917
-751519307
-959698454
-122789653
561441259
-648980324
-483006102
-49830402
-485023033
-464603917
-784056566
562798474
-64267613
-942145136
881670660
-99225342
412658951
-124715715
-312553395
864010028
-837284484
648313550
884114818
-364576624
-52758611
17506239
433520876
302580991
-908338147
164287899
579346
-142978233
241391068
-727002951
105667640
28357048
-730525383
352517957
-857996943
-263778917
-360230564
-57573378
-380737951
586249997
-755966596
138122657
-964626727
-988256980
-412118291
-898670915
991330658
-374160406
376682189
-638492952
161575511
-907540431
969111300
-944133128
430319659
-209665897
866098685
-561650179
-799025034
536951915
-950716123
731596643
-774731543
280533072
500668678
-917815053
251867316
-995843298
-101192350
-174090875
78292190
-780320409
-269875095
-366792548
-377089901
667396159
763490927
663924619
382971763
-524365800
625106436
-132486061
-387067723
124835022
-372494709
-411669964
-175813556
-840724882
-100571799
-101792799
-333430513
583723471
222160707
737892951
-548454783
-272448242
-979983905
-73313111
-993683361
266434570
-960233870
663366048
263008474
147114221
-128039433
-346949684
70557388
-741537818
-948439049
-534113943
-853014756
-51628581
926020135
-247330045
342443855
277358021
801275338
-699747039
201731737
635472086
-474145499
-433194078
506787649
565460288
-502657269
623566762
636303912
-708924256
181101569
-180455278
738185142
389316414
265655954
18281760
-208589105
-936487236
220698657
293292674
404410262
317884382
584554912
-12655516
246413522
-383795917
-848630120
-361577263
336008265
-8679228
-254243880
300515703
342801585
-229538009
-526461707
198056235
342660682
182652102
21246122
-448164943
-998141599
595664165
-470639737
-219741665
-744778505
-275841486
51337047
-921188965
978946005
-746001862
-874694266
-549338378
588700527
-766679365
958205183
-734676187
-350891329
639659738
777541369
590096473
-591690179
-645484946
-924790247
318651775
-619598258
-627275269
-412658237
-953049136
942589752
-442631161
-549623633
462542869
362846902
-433881127
996409290
-838099303
993026382
-657951185
939068568
-14222607
-230094960
-393036113
383122300
-957205387
-89101367
870116413
-342912806
942831482
-133264681
365105266
543738966
-486880934
571690070
-641674494
-666150565
127854603
-118212201
539084875
708961950
534854196
-608977151
-369842641
739793620
384613000
-641668984
-884764208
486708447
-452108125
-761913596
884289602
254858247
-518953194
297114995
25498411
-304389771
-357119285
716122156
357664335
-852324675
-994309348
6493027
-975959191
97005782
690323458
-243291277
-485118743
268948575
520055893
-455014088
-431399242
773847001
535061418
852719849
274610519
561271138
697973403
408345800
-600110905
-764554421
472697398
322605356
-510847723
568490614
-700764310
-281215993
774087254
837756325
429666917
-137949223
-327871350
-818965317
-362450762
-523361331
170094326
578204837
632391089
-183067248
-181925566
685348828
84767702
47685021
258176621
297568684
-742221484
-994250058
721800013
365562857
781992164
-706798265
-421244428
-185532221
-308894426
254815284
869866180
-316770245
11919482
47543489
-46311654
667286231
-621016506
997937507
314210629
-970460190
-411591103
57028039
-981013546
-865518702
86406912
-19528154
-836337090
148701315
-746177137
-640004646
698605955
-360776818
809222742
-543595950
540721790
693933463
-640420282
135516774
-448114480
62079982
618986764
49781432
960505285
-243558114
585378949
249776142
933817954
342043360
479865475
673625581
-520940724
-122704498
680133674
-777159562
486939413
-894944853
-898941620
-425160903
327961119
984102607
124417159
-7119507
657285162
847146301
-826508297
655710521
-972140157
-942991886
18159197
994102186
-798820693
889919198
-820230304
738070359
529399838
325023675
-461274018
-536168209
446114222
-161389132
-191247434
-355523013
-199639023
399120441
-43913446
787002942
-234882652
40383850
583806431
329148719
462736846
-182314879
58875890
-368424647
-422247119
-666759485
683787034
709586894
140005765
-922330360
-953430048
256248394
-754863505
793738649
558270801
-67545263
584886983
498856186
-100595952
208730565
116217830
-17838268
924830824
28894404
512349126
256373346
901579379
-264627501
143772770
447382855
778294404
-468042661
762316965
725113661
601779998
915870442
665554774
-818796160
-167974543
-111164763
133448979
261196909
-424382210
-741389413
920702279
479513258
489994599
815992555
74855940
-106569602
215006660
737127012
-433377475
390065160
-877915518
889192363
-592875541
-191057612
-780842019
817463406
-776562837
783421600
100000096
-884230229
-762957228
694560048
-427458201
787257808
474608924
-446932718
-37453538
-257478889
-952369490
-760158404
53492739
445512675
622759490
-121422317
96483577
-320402925
808607469
98175728
-750188739
-485930711
861532466
-843046374
474665822
-407490058
-707764626
-244258986
731013540
-318777065
-627313760
-331697249
-152444856
447608656
692591761
-78391729
-989297500
-509737188
459293395
-556476594
415527996
-63330220
-713619324
-392431686
912414829
641463164
248385949
905092417
258896071
-361573085
-199308100
681758466
840113923
502066810
-217775466
219950853
-954636726
-538719832
670208112
335804891
-381682270
-270302747
419860682
-26629253
837777761
659484857
592341986
-971324027
-888508780
-277214377
96712493
-347380312
233383330
-704717524
244284156
835728197
530004263
-297919968
-460115086
-107923568
-844523921
-846131665
-298210238
5952270
381064733
110799091
-110263324
412398751
57917070
-580890232
-645618189
-942035755
-184956929
-360376652
-565090916
781538242
-26170240
-994738100
71095840
828113429
478058174
-404735506
-276705682
-466203899
-999799083
-508490208
461544621
-629262362
638324073
91831224
-952885844
-452268154
698764828
-216659133
-986434871
895728434
-604320777
-913919730
959328089
652484862
18709518
-372927409
511983477
-552229693
860702611
86029781
-561273541
-540651380
994206477
819553935
360695783
-125186044
-199348292
177184370
676562541
-418114870
699384598
193582386
-25011838
-661746362
892172410
-715873904
760783545
-116188226
-642627833
545176466
-821298181
619332059
214506474
-757266923
178518890
-112959870
-107630958
407896099
-816343406
-677059892
183279399
4001652
729747290
326662734
414538905
140993714
-123381004
360060562
313895306
-984082257
-191585755
474534641
-423504745
377931990
253657176
-420338881
131174215
995947443
557956552
780690703
-728312097
617869724
667518329
44095645
-178465670
-695366511
-623621906
-818766435
-116259084
642473269
758032978
-6144968
-913864003
54086493
363304899
979066731
962949072
849785627
-471766179
-15454538
158133929
503161622
-474876123
559438383
-947404287
705004260
701379398
-146056610
952564121
-408092870
-356407130
-256465134
-598906478
-71691926
621548055
980194479
-811563794
-425184516
-474650544
-2752958
-541427331
873710365
460852502
-494627301
713074099
38958489
620387731
-736536644
-243912448
-166857090
857813568
578436296
297716460
77419457
-990894354
-668809843
847329545
408648638
323966167
-453155200
211551934
-688180981
-23704747
889036
211616352
-615179449
574825965
-325710213
572183168
369233375
812892437
-928890338
-308730852
368801281
917596167
-937236888
-19802624
388128237
-162322610
297558049
-465739395
-22216831
186641220
-122366
-545886386
-518254496
35236570
27185082
471265523
-195222387
-729270489
-820301611
-753520212
419245949
78035536
57921590
-172213942
-796663622
818348558
73373050
940144602
674607386
356259999
847608843
777221321
-768747363
-665869944
-367424054
-686057033
245935209
-781758063
-153322215
-949685473
-854695600
421313513
-790801059
-227448193
-401574271
-15971976
534122736
-888669035
227920676
