32 32
10 83 63 98 7 17 71 94 50 60 88 61 69 35 3 31 92 8 31 98 3 75 66 7 47 28 46 65 13 74 55 23 
22 18 21 29 35 92 23 51 17 77 11 52 12 15 83 70 23 13 67 93 54 32 100 67 27 46 32 40 86 53 63 7 
71 50 37 72 7 26 22 24 2 34 76 81 15 58 50 4 38 17 98 92 15 97 59 42 8 57 48 94 9 78 68 47 
27 71 85 35 97 74 25 99 74 1 80 89 25 96 93 29 12 56 21 28 53 46 36 27 69 85 88 44 28 55 57 55 
25 42 56 88 15 82 86 89 49 31 43 74 27 1 3 5 58 91 100 77 2 36 3 37 87 91 81 14 11 4 35 2 
46 92 90 27 73 42 82 21 39 24 61 32 92 30 38 49 20 3 25 89 5 29 25 92 86 73 72 64 77 7 66 89 
65 56 82 3 64 63 91 2 53 51 35 44 82 39 94 68 8 85 57 14 80 82 72 66 54 44 29 97 17 61 85 48 
83 66 51 46 95 41 15 13 92 50 58 39 55 17 7 63 1 64 77 48 11 15 13 32 59 8 28 42 35 80 90 18 
45 40 64 6 47 79 19 4 95 43 44 15 60 51 45 28 81 88 76 92 2 55 23 61 29 18 69 64 98 58 48 8 
64 79 14 77 57 0 82 18 43 25 100 3 42 44 98 22 32 73 80 34 94 70 62 22 88 30 52 51 55 0 59 85 
79 40 62 1 6 43 86 49 34 86 18 76 29 15 64 61 54 43 62 47 79 23 35 32 19 88 83 40 88 8 25 32 
14 53 33 20 96 19 69 96 4 54 71 100 69 34 61 90 43 89 2 89 78 38 20 97 25 70 37 79 44 28 10 58 
81 43 44 42 28 12 37 32 32 7 32 68 7 59 57 16 13 59 4 91 63 92 87 54 27 90 32 37 17 8 95 64 
18 4 5 46 16 8 45 15 82 43 83 55 1 39 72 14 64 42 71 27 100 23 81 93 13 80 29 97 54 90 27 72 
94 99 18 77 7 63 92 89 5 74 44 73 79 82 53 42 90 23 35 90 46 83 82 25 28 78 89 82 67 15 54 27 
13 38 3 87 67 61 42 38 34 52 77 79 33 29 87 22 18 89 78 30 71 26 22 65 3 10 46 36 92 66 63 4 
3 32 58 36 93 100 74 93 51 50 71 84 45 24 72 29 12 16 60 49 42 48 13 11 58 25 47 15 92 77 86 61 
75 43 98 34 42 37 26 93 88 64 42 99 88 81 28 66 97 54 14 4 1 27 15 25 52 28 40 9 71 92 71 46 
35 34 80 43 71 72 36 24 35 44 90 89 91 17 20 87 37 34 57 4 27 72 29 46 0 35 55 71 26 92 83 27 
25 62 71 63 34 73 53 35 83 42 91 74 25 10 26 62 11 84 66 38 55 61 84 21 96 39 59 89 97 41 15 22 
70 52 51 70 24 3 71 7 12 61 81 37 38 73 100 49 56 65 87 78 93 37 65 54 42 23 42 38 31 24 26 0 
76 77 36 67 47 6 74 59 34 20 96 72 93 95 20 49 26 73 93 18 9 57 72 17 81 81 56 78 71 82 44 12 
59 80 79 72 52 52 30 86 72 25 57 31 87 43 46 79 83 38 63 58 95 0 76 41 81 31 18 17 12 62 30 37 
7 8 8 60 27 4 45 65 30 2 96 83 11 41 61 94 79 23 52 40 90 27 81 37 24 100 54 2 27 50 6 35 
59 14 95 52 86 39 16 15 7 79 64 19 19 24 79 65 13 30 71 69 23 51 5 13 16 60 16 44 76 22 79 0 
2 73 52 88 78 35 69 86 13 32 71 99 22 49 29 1 80 100 71 69 51 76 83 67 1 99 77 78 87 55 78 89 
94 30 43 72 65 11 23 44 44 94 42 66 42 72 68 88 71 4 57 88 80 5 55 82 70 31 25 56 53 69 10 46 
99 53 84 29 31 6 39 75 66 48 6 8 19 40 96 56 44 18 44 91 23 65 38 59 62 63 81 81 31 92 94 97 
10 43 92 41 50 98 15 15 45 89 90 64 95 86 86 39 70 96 96 60 26 33 18 89 96 100 35 93 57 28 55 67 
72 13 8 88 10 90 69 55 44 59 18 39 10 70 44 80 66 39 39 92 72 24 46 33 23 82 92 80 76 47 46 47 
60 20 0 70 10 70 91 20 95 8 59 71 44 2 50 9 7 56 68 45 80 13 44 69 61 36 14 37 49 60 50 75 
47 17 10 23 87 0 43 47 75 2 17 18 71 33 95 45 89 62 90 34 41 0 69 2 36 83 5 51 9 21 92 56 
