/home/criley/Mummer/mummer-4.0.1/reference.fasta /home/criley/Mummer/mummer-4.0.1/GCA_033847405.1_ASM3384740v1_genomic.fasta
NUCMER

    [S1]     [E1]        [S2]     [E2]     [LEN 1]  [LEN 2]     [% IDY]     [LEN R]  [LEN Q]     [COV R]  [COV Q]    [TAGS]
===============================================================================================================================
       1    15390       64051    48663       15390    15389       99.31     4641652   117560        0.33    13.09    NC_000913.3	JAWXVJ010000012.1
   16731    19795       48671    45607        3065     3065       98.92     4641652   117560        0.07     2.61    NC_000913.3	JAWXVJ010000012.1
   20566    34755       39099    24895       14190    14205       98.34     4641652   117560        0.31    12.08    NC_000913.3	JAWXVJ010000012.1
   34767    59509       24760        1       24743    24760       99.59     4641652   117560        0.53    21.06    NC_000913.3	JAWXVJ010000012.1
   59507   223464      163957        1      163958   163957       99.98     4641652   163958        3.53   100.00    NC_000913.3	JAWXVJ010000006.1
  229006   239102           1    10097       10097    10097       99.99     4641652    19106        0.22    52.85    NC_000913.3	JAWXVJ010000050.1
  239098   239332       18872    19106         235      235      100.00     4641652    19106        0.01     1.23    NC_000913.3	JAWXVJ010000050.1
  239339   250061           1    10723       10723    10723      100.00     4641652   191874        0.23     5.59    NC_000913.3	JAWXVJ010000004.1
  250059   257907       46303    54151        7849     7849       99.97     4641652   191874        0.17     4.09    NC_000913.3	JAWXVJ010000004.1
  253333   253465       45538    45406         133      133       93.23     4641652   114060        0.00     0.12    NC_000913.3	JAWXVJ010000013.1
  253338   253465       70295    70168         128      128       96.09     4641652   106081        0.00     0.12    NC_000913.3	JAWXVJ010000015.1
  253340   253466       12750    12624         127      127       96.06     4641652    53612        0.00     0.24    NC_000913.3	JAWXVJ010000035.1
  258683   262956       54151    58424        4274     4274       99.93     4641652   191874        0.09     2.23    NC_000913.3	JAWXVJ010000004.1
  270206   270341      313632   313767         136      136       96.35     4641652   313768        0.00     0.04    NC_000913.3	JAWXVJ010000003.1
  271807   272190           2      385         384      384       97.40     4641652     9543        0.01     4.02    NC_000913.3	JAWXVJ010000058.1
  272986   273954           1      969         969      969       99.69     4641652     1475        0.02    65.69    NC_000913.3	JAWXVJ010000100.1
  280340   280426        5721     5635          87       87       97.70     4641652     5721        0.00     1.52    NC_000913.3	JAWXVJ010000070.1
  297209   315232      103307   121330       18024    18024       99.98     4641652   191874        0.39     9.39    NC_000913.3	JAWXVJ010000004.1
  316482   357674      125048   166240       41193    41193       99.96     4641652   191874        0.89    21.47    NC_000913.3	JAWXVJ010000004.1
  357671   381259      166038   189626       23589    23589       99.97     4641652   191874        0.51    12.29    NC_000913.3	JAWXVJ010000004.1
  377321   377530      183497   183287         210      211       85.45     4641652   191874        0.00     0.11    NC_000913.3	JAWXVJ010000004.1
  377321   377529      183598   183389         209      210       86.79     4641652   191874        0.00     0.11    NC_000913.3	JAWXVJ010000004.1
  377321   377529      183699   183490         209      210       85.38     4641652   191874        0.00     0.11    NC_000913.3	JAWXVJ010000004.1
  382590   384843      189621   191874        2254     2254       99.91     4641652   191874        0.05     1.17    NC_000913.3	JAWXVJ010000004.1
  384835   390470           1     5636        5636     5636       99.96     4641652     5721        0.12    98.51    NC_000913.3	JAWXVJ010000070.1
  391521   391709          38      226         189      189      100.00     4641652   114060        0.00     0.17    NC_000913.3	JAWXVJ010000013.1
  392967   506780         223   114036      113814   113814       99.97     4641652   114060        2.45    99.78    NC_000913.3	JAWXVJ010000013.1
  506769   524993       18225        1       18225    18225       99.98     4641652    18226        0.39    99.99    NC_000913.3	JAWXVJ010000051.1
  524759   524992         235        2         234      234       97.86     4641652    23800        0.01     0.98    NC_000913.3	JAWXVJ010000048.1
  525024   525759       14773    15508         736      736       84.82     4641652    19106        0.02     3.85    NC_000913.3	JAWXVJ010000050.1
  526721   564801       59876    21780       38081    38097       99.32     4641652    59876        0.82    63.63    NC_000913.3	JAWXVJ010000031.1
  565881   566073       59495    59687         193      193       88.72     4641652   191874        0.00     0.10    NC_000913.3	JAWXVJ010000004.1
  568239   568649        3007     2597         411      411       92.21     4641652    26445        0.01     1.55    NC_000913.3	JAWXVJ010000046.1
  570796   572446        2527      876        1651     1652       90.33     4641652    26445        0.04     6.25    NC_000913.3	JAWXVJ010000046.1
  576785   577110         729      404         326      326       83.84     4641652    26445        0.01     1.23    NC_000913.3	JAWXVJ010000046.1
  577382   577597       72711    72926         216      216       94.91     4641652   191874        0.00     0.11    NC_000913.3	JAWXVJ010000004.1
  580283   581070        4286     5073         788      788       96.70     4641652    69704        0.02     1.13    NC_000913.3	JAWXVJ010000027.1
  580311   580685         486      868         375      383       89.03     4641652     8940        0.01     4.28    NC_000913.3	JAWXVJ010000059.1
  580593   580689        7963     7866          97       98       91.84     4641652     7974        0.00     1.23    NC_000913.3	JAWXVJ010000063.1
  581047   581661        7509     6895         615      615       95.28     4641652     7974        0.01     7.71    NC_000913.3	JAWXVJ010000063.1
  581659   582117       99220    99679         459      460       91.11     4641652   191874        0.01     0.24    NC_000913.3	JAWXVJ010000004.1
  581659   582075        6773     7189         417      417       94.00     4641652    69704        0.01     0.60    NC_000913.3	JAWXVJ010000027.1
  581659   582151        2484     2976         493      493       96.75     4641652    58077        0.01     0.85    NC_000913.3	JAWXVJ010000032.1
  582029   582146           2      120         118      119       91.60     4641652   119661        0.00     0.10    NC_000913.3	JAWXVJ010000011.1
  586057   596976       21826    10907       10920    10920       99.39     4641652    59876        0.24    18.24    NC_000913.3	JAWXVJ010000031.1
  597109   608007       10899        1       10899    10899       99.18     4641652    59876        0.23    18.20    NC_000913.3	JAWXVJ010000031.1
  609348   637110       27763        1       27763    27763       99.81     4641652    27763        0.60   100.00    NC_000913.3	JAWXVJ010000045.1
  637102   687851           1    50750       50750    50750       99.98     4641652    91474        1.09    55.48    NC_000913.3	JAWXVJ010000023.1
  689046   729771       50746    91471       40726    40726       99.93     4641652    91474        0.88    44.52    NC_000913.3	JAWXVJ010000023.1
  715263   715363      111109   111009         101      101       91.09     4641652   174866        0.00     0.06    NC_000913.3	JAWXVJ010000005.1
  732277   733311        1192     2226        1035     1035       97.59     4641652   106081        0.02     0.98    NC_000913.3	JAWXVJ010000015.1
  732957   762943           1    29986       29987    29986       99.96     4641652   106081        0.65    28.27    NC_000913.3	JAWXVJ010000015.1
  736682   737915       17872    19106        1234     1235       95.71     4641652    19106        0.03     6.46    NC_000913.3	JAWXVJ010000050.1
  737973   738860       17897    18784         888      888       96.17     4641652    19106        0.02     4.65    NC_000913.3	JAWXVJ010000050.1
  762761   781016       29894    48166       18256    18273       99.66     4641652   106081        0.39    17.23    NC_000913.3	JAWXVJ010000015.1
  780843   839235       47689   106081       58393    58393       99.78     4641652   106081        1.26    55.05    NC_000913.3	JAWXVJ010000015.1
  839227   944917      105691        1      105691   105691       99.98     4641652   105699        2.28    99.99    NC_000913.3	JAWXVJ010000016.1
  915027   915288      100903   100642         262      262       95.04     4641652   319444        0.01     0.08    NC_000913.3	JAWXVJ010000002.1
  944915  1049777           1   104873      104863   104873       99.72     4641652   159204        2.26    65.87    NC_000913.3	JAWXVJ010000007.1
 1007696  1007810       51231    51346         115      116       92.24     4641652    79386        0.00     0.15    NC_000913.3	JAWXVJ010000025.1
 1049778  1050545        6356     5589         768      768       97.27     4641652    24288        0.02     3.16    NC_000913.3	JAWXVJ010000047.1
 1050546  1094239      104865   148548       43694    43684       99.50     4641652   159204        0.94    27.44    NC_000913.3	JAWXVJ010000007.1
 1095503  1097397      148548   150442        1895     1895       99.95     4641652   159204        0.04     1.19    NC_000913.3	JAWXVJ010000007.1
 1097561  1183642       86608      526       86082    86083       99.98     4641652   102447        1.85    84.03    NC_000913.3	JAWXVJ010000018.1
 1183629  1196374         318    13063       12746    12746       99.87     4641652    48684        0.27    26.18    NC_000913.3	JAWXVJ010000036.1
 1202165  1204403       62988    65220        2239     2233       95.36     4641652   191874        0.05     1.16    NC_000913.3	JAWXVJ010000004.1
 1211413  1247198       12898    48684       35786    35787       99.97     4641652    48684        0.77    73.51    NC_000913.3	JAWXVJ010000036.1
 1223210  1223564       94952    95307         355      356       89.04     4641652   124721        0.01     0.29    NC_000913.3	JAWXVJ010000010.1
 1223564  1223917       99573    99927         354      355       95.49     4641652   124721        0.01     0.28    NC_000913.3	JAWXVJ010000010.1
 1247190  1255100           1     7911        7911     7911      100.00     4641652   112039        0.17     7.06    NC_000913.3	JAWXVJ010000014.1
 1255097  1299498       49860    94271       44402    44412       99.95     4641652   112039        0.96    39.64    NC_000913.3	JAWXVJ010000014.1
 1282150  1282404       30363    30617         255      255       83.14     4641652    41495        0.01     0.61    NC_000913.3	JAWXVJ010000038.1
 1284024  1284437       32234    32647         414      414       82.89     4641652    41495        0.01     1.00    NC_000913.3	JAWXVJ010000038.1
 1294949  1295296           1      281         348      281       76.35     4641652     3380        0.01     8.31    NC_000913.3	JAWXVJ010000086.1
 1300694  1311099       94268   104673       10406    10406       99.92     4641652   112039        0.22     9.29    NC_000913.3	JAWXVJ010000014.1
 1311087  1314660         797     4370        3574     3574       99.38     4641652     5825        0.08    61.36    NC_000913.3	JAWXVJ010000069.1
 1314540  1396043         666    82169       81504    81504       99.97     4641652   119661        1.76    68.11    NC_000913.3	JAWXVJ010000011.1
 1397239  1411941       82166    96868       14703    14703       99.95     4641652   119661        0.32    12.29    NC_000913.3	JAWXVJ010000011.1
 1427387  1427600       95325    95538         214      214       97.66     4641652   191874        0.00     0.11    NC_000913.3	JAWXVJ010000004.1
 1427428  1427600        1248     1076         173      173       97.11     4641652     1410        0.00    12.27    NC_000913.3	JAWXVJ010000104.1
 1428795  1430361       95533    97099        1567     1567       95.47     4641652   191874        0.03     0.82    NC_000913.3	JAWXVJ010000004.1
 1428795  1428944        1081      932         150      150       94.00     4641652     1410        0.00    10.64    NC_000913.3	JAWXVJ010000104.1
 1429048  1429779         741       10         732      732       88.27     4641652     1410        0.02    51.91    NC_000913.3	JAWXVJ010000104.1
 1430125  1432092           1     1968        1968     1968       97.87     4641652    58077        0.04     3.39    NC_000913.3	JAWXVJ010000032.1
 1431446  1432086       98070    98710         641      641       93.30     4641652   191874        0.01     0.33    NC_000913.3	JAWXVJ010000004.1
 1431779  1432086         578      271         308      308       85.71     4641652     1551        0.01    19.86    NC_000913.3	JAWXVJ010000098.1
 1432208  1432973       98871    99636         766      766       95.04     4641652   191874        0.02     0.40    NC_000913.3	JAWXVJ010000004.1
 1432208  1432317         110        1         110      110       92.73     4641652     1551        0.00     7.09    NC_000913.3	JAWXVJ010000098.1
 1432214  1434768        6430     8984        2555     2555       98.12     4641652    69704        0.06     3.67    NC_000913.3	JAWXVJ010000027.1
 1432226  1432973        2153     2900         748      748       95.59     4641652    58077        0.02     1.29    NC_000913.3	JAWXVJ010000032.1
 1434959  1454802       96826   116669       19844    19844       99.96     4641652   119661        0.43    16.58    NC_000913.3	JAWXVJ010000011.1
 1462129  1465122      116668   119661        2994     2994      100.00     4641652   119661        0.06     2.50    NC_000913.3	JAWXVJ010000011.1
 1465115  1467909        6434     3640        2795     2795      100.00     4641652     6434        0.06    43.44    NC_000913.3	JAWXVJ010000067.1
 1470516  1474104        3592        1        3589     3592       99.89     4641652     6434        0.08    55.83    NC_000913.3	JAWXVJ010000067.1
 1474097  1503334           1    29238       29238    29238       99.97     4641652    29238        0.63   100.00    NC_000913.3	JAWXVJ010000042.1
 1503157  1503333         178        2         177      177       98.87     4641652    26445        0.00     0.67    NC_000913.3	JAWXVJ010000046.1
 1503335  1504590        1256        1        1256     1256       99.04     4641652     1256        0.03   100.00    NC_000913.3	JAWXVJ010000106.1
 1504591  1527904       23800      487       23314    23314       99.97     4641652    23800        0.50    97.96    NC_000913.3	JAWXVJ010000048.1
 1504592  1504805       60007    59795         214      213       97.20     4641652    60008        0.00     0.35    NC_000913.3	JAWXVJ010000030.1
 1529095  1529423       16360    16688         329      329       85.41     4641652    19106        0.01     1.72    NC_000913.3	JAWXVJ010000050.1
 1529175  1570669       41495        1       41495    41495       99.96     4641652    41495        0.89   100.00    NC_000913.3	JAWXVJ010000038.1
 1531672  1532906       17872    19106        1235     1235       96.36     4641652    19106        0.03     6.46    NC_000913.3	JAWXVJ010000050.1
 1538023  1538436       79210    78797         414      414       82.89     4641652   112039        0.01     0.37    NC_000913.3	JAWXVJ010000014.1
 1540053  1540307       77177    76923         255      255       83.14     4641652   112039        0.01     0.23    NC_000913.3	JAWXVJ010000014.1
 1547538  1548812       80626    81900        1275     1275       79.98     4641652   125465        0.03     1.02    NC_000913.3	JAWXVJ010000009.1
 1571803  1635073       69704     6439       63271    63266       99.85     4641652    69704        1.36    90.76    NC_000913.3	JAWXVJ010000027.1
 1634323  1635574       99636    98385        1252     1252       96.41     4641652   191874        0.03     0.65    NC_000913.3	JAWXVJ010000004.1
 1634323  1635076        2900     2147         754      754       96.15     4641652    58077        0.02     1.30    NC_000913.3	JAWXVJ010000032.1
 1634979  1635556           1      578         578      578       93.77     4641652     1551        0.01    37.27    NC_000913.3	JAWXVJ010000098.1
 1635257  1635578        1954     1633         322      322       95.96     4641652    58077        0.01     0.55    NC_000913.3	JAWXVJ010000032.1
 1635839  1636154        7194     7509         316      316       96.52     4641652     7974        0.01     3.96    NC_000913.3	JAWXVJ010000063.1
 1636131  1641202        5073        1        5072     5073       99.72     4641652    69704        0.11     7.28    NC_000913.3	JAWXVJ010000027.1
 1636516  1636890         868      486         375      383       88.25     4641652     8940        0.01     4.28    NC_000913.3	JAWXVJ010000059.1
 1639522  1640067       73896    73351         546      546       88.28     4641652   191874        0.01     0.28    NC_000913.3	JAWXVJ010000004.1
 1639552  1639716         165        1         165      165       85.54     4641652    21829        0.00     0.76    NC_000913.3	JAWXVJ010000049.1
 1640166  1640594       73146    72718         429      429       86.95     4641652   191874        0.01     0.22    NC_000913.3	JAWXVJ010000004.1
 1640166  1640489        1050      727         324      324       86.73     4641652     1519        0.01    21.33    NC_000913.3	JAWXVJ010000099.1
 1641195  1644674           1     3480        3480     3480       99.94     4641652     3480        0.07   100.00    NC_000913.3	JAWXVJ010000084.1
 1643259  1643569       69591    69281         311      311       87.46     4641652   191874        0.01     0.16    NC_000913.3	JAWXVJ010000004.1
 1643554  1643817        1984     2244         264      261       86.74     4641652     2244        0.01    11.63    NC_000913.3	JAWXVJ010000094.1
 1643818  1644601           1      784         784      784       86.55     4641652    12135        0.02     6.46    NC_000913.3	JAWXVJ010000057.1
 1645031  1645288        2709     2966         258      258       97.67     4641652    12135        0.01     2.13    NC_000913.3	JAWXVJ010000057.1
 1645981  1646999      101423   102441        1019     1019       99.31     4641652   191874        0.02     0.53    NC_000913.3	JAWXVJ010000004.1
 1648470  1650792        6069     8393        2323     2325       98.54     4641652     8394        0.05    27.70    NC_000913.3	JAWXVJ010000060.1
 1649062  1649713       10394    11055         652      662       87.74     4641652    12135        0.01     5.46    NC_000913.3	JAWXVJ010000057.1
 1650022  1650793       11363    12135         772      773       93.27     4641652    12135        0.02     6.37    NC_000913.3	JAWXVJ010000057.1
 1651594  1708999       95412    38007       57406    57406       99.91     4641652    95412        1.24    60.17    NC_000913.3	JAWXVJ010000021.1
 1708671  1736059       38431    11043       27389    27389       99.96     4641652    95412        0.59    28.71    NC_000913.3	JAWXVJ010000021.1
 1736046  1747028       10983        1       10983    10983       99.98     4641652    95412        0.24    11.51    NC_000913.3	JAWXVJ010000021.1
 1747757  1776976           1    29220       29220    29220       99.97     4641652    29220        0.63   100.00    NC_000913.3	JAWXVJ010000043.1
 1776968  1879837      102870        1      102870   102870       99.97     4641652   102870        2.22   100.00    NC_000913.3	JAWXVJ010000017.1
 1879829  1896970       17142        1       17142    17142       99.96     4641652    17142        0.37   100.00    NC_000913.3	JAWXVJ010000052.1
 1896962  1951490       58077     3549       54529    54529       99.21     4641652    58077        1.17    93.89    NC_000913.3	JAWXVJ010000032.1
 1951480  1978502        1277    28299       27023    27023       99.97     4641652    60008        0.58    45.03    NC_000913.3	JAWXVJ010000030.1
 1979271  2002382       28292    51401       23112    23110       99.13     4641652    60008        0.50    38.51    NC_000913.3	JAWXVJ010000030.1
 1992042  1992117      198967   198892          76       76      100.00     4641652   313768        0.00     0.02    NC_000913.3	JAWXVJ010000003.1
 1992042  1992117      199079   199004          76       76      100.00     4641652   313768        0.00     0.02    NC_000913.3	JAWXVJ010000003.1
 1992042  1992117      199190   199115          76       76      100.00     4641652   313768        0.00     0.02    NC_000913.3	JAWXVJ010000003.1
 2003116  2010488       52420    59790        7373     7371       97.69     4641652    60008        0.16    12.28    NC_000913.3	JAWXVJ010000030.1
 2012563  2034727        3128    25291       22165    22164       98.10     4641652    26445        0.48    83.81    NC_000913.3	JAWXVJ010000046.1
 2034923  2035885       25472    26445         963      974       92.82     4641652    26445        0.02     3.68    NC_000913.3	JAWXVJ010000046.1
 2035881  2042025           1     6145        6145     6145       97.74     4641652    64419        0.13     9.54    NC_000913.3	JAWXVJ010000029.1
 2043021  2044625        6368     7972        1605     1605       98.07     4641652    64419        0.03     2.49    NC_000913.3	JAWXVJ010000029.1
 2045213  2045544       39425    39747         332      323       92.77     4641652    64419        0.01     0.50    NC_000913.3	JAWXVJ010000029.1
 2049238  2049712       39749    40222         475      474       94.95     4641652    64419        0.01     0.74    NC_000913.3	JAWXVJ010000029.1
 2050026  2051629       40224    41823        1604     1600       92.96     4641652    64419        0.03     2.48    NC_000913.3	JAWXVJ010000029.1
 2052131  2066158       41894    55927       14028    14034       97.51     4641652    64419        0.30    21.79    NC_000913.3	JAWXVJ010000029.1
 2058015  2058126        7983     7872         112      112       93.75     4641652    64419        0.00     0.17    NC_000913.3	JAWXVJ010000029.1
 2058022  2058106       49699    49615          85       85      100.00     4641652    64419        0.00     0.13    NC_000913.3	JAWXVJ010000029.1
 2058023  2058126       52108    52005         104      104       97.12     4641652    64419        0.00     0.16    NC_000913.3	JAWXVJ010000029.1
 2067354  2068238       55924    56808         885      885       99.66     4641652    64419        0.02     1.37    NC_000913.3	JAWXVJ010000029.1
 2070502  2070661       56863    57022         160      160       95.62     4641652    64419        0.00     0.25    NC_000913.3	JAWXVJ010000029.1
 2070659  2071214       98941    98386         556      556       97.48     4641652   102447        0.01     0.54    NC_000913.3	JAWXVJ010000018.1
 2070659  2071214       48063    47508         556      556       96.94     4641652    56587        0.01     0.98    NC_000913.3	JAWXVJ010000033.1
 2070659  2071819         172     1338        1161     1167       92.12     4641652     3540        0.03    32.97    NC_000913.3	JAWXVJ010000083.1
 2072395  2074021        1914     3540        1627     1627       93.68     4641652     3540        0.04    45.96    NC_000913.3	JAWXVJ010000083.1
 2074729  2076124        1396        1        1396     1396       96.42     4641652     1403        0.03    99.50    NC_000913.3	JAWXVJ010000103.1
 2076302  2077461        2613     3802        1160     1190       91.28     4641652   333909        0.02     0.36    NC_000913.3	JAWXVJ010000001.1
 2076302  2077461       90025    88836        1160     1190       91.45     4641652   102447        0.02     1.16    NC_000913.3	JAWXVJ010000018.1
 2076302  2097230       40040    19105       20929    20936       94.97     4641652    56587        0.45    37.00    NC_000913.3	JAWXVJ010000033.1
 2077612  2078037       88721    88284         426      438       86.33     4641652   102447        0.01     0.43    NC_000913.3	JAWXVJ010000018.1
 2077629  2078185        3937     4505         557      569       86.82     4641652   333909        0.01     0.17    NC_000913.3	JAWXVJ010000001.1
 2078519  2078677       57479    57321         159      159       88.68     4641652    64419        0.00     0.25    NC_000913.3	JAWXVJ010000029.1
 2099853  2101299       15253    13807        1447     1447       86.20     4641652    56587        0.03     2.56    NC_000913.3	JAWXVJ010000033.1
 2127757  2128316         107      666         560      560       84.29     4641652   319444        0.01     0.18    NC_000913.3	JAWXVJ010000002.1
 2133490  2134818        5816     7144        1329     1329       84.40     4641652   319444        0.03     0.42    NC_000913.3	JAWXVJ010000002.1
 2135231  2153877        7557    26157       18647    18601       97.04     4641652   319444        0.40     5.82    NC_000913.3	JAWXVJ010000002.1
 2153296  2165555       25911    38163       12260    12253       98.08     4641652   319444        0.26     3.84    NC_000913.3	JAWXVJ010000002.1
 2165577  2167208       38944    40575        1632     1632       99.88     4641652   319444        0.04     0.51    NC_000913.3	JAWXVJ010000002.1
 2167812  2170170       40550    42916        2359     2367       97.26     4641652   319444        0.05     0.74    NC_000913.3	JAWXVJ010000002.1
 2171429  2288918       42914   160445      117490   117532       99.11     4641652   319444        2.53    36.79    NC_000913.3	JAWXVJ010000002.1
 2229115  2229376       29630    29891         262      262       95.04     4641652   105699        0.01     0.25    NC_000913.3	JAWXVJ010000016.1
 2290114  2304952      160442   175280       14839    14839       99.91     4641652   319444        0.32     4.65    NC_000913.3	JAWXVJ010000002.1
 2304503  2449207      174718   319419      144705   144702       99.97     4641652   319444        3.12    45.30    NC_000913.3	JAWXVJ010000002.1
 2449199  2466384           1    17186       17186    17186       99.96     4641652    54863        0.37    31.33    NC_000913.3	JAWXVJ010000034.1
 2472121  2473586       66685    65220        1466     1466       98.70     4641652   191874        0.03     0.76    NC_000913.3	JAWXVJ010000004.1
 2473585  2476231       62412    59766        2647     2647       96.41     4641652   191874        0.06     1.38    NC_000913.3	JAWXVJ010000004.1
 2476584  2514276       17171    54863       37693    37693       99.98     4641652    54863        0.81    68.70    NC_000913.3	JAWXVJ010000034.1
 2515617  2558698       79386    36305       43082    43082       99.98     4641652    79386        0.93    54.27    NC_000913.3	JAWXVJ010000025.1
 2538518  2538656       45423    45561         139      139       89.21     4641652    79386        0.00     0.18    NC_000913.3	JAWXVJ010000025.1
 2543657  2543772       62894    62780         116      115       92.24     4641652   159204        0.00     0.07    NC_000913.3	JAWXVJ010000007.1
 2565481  2601792       36312        1       36312    36312       99.97     4641652    79386        0.78    45.74    NC_000913.3	JAWXVJ010000025.1
 2601784  2630969       35800     6615       29186    29186       99.98     4641652    35800        0.63    81.53    NC_000913.3	JAWXVJ010000040.1
 2630957  2726062       95107        1       95106    95107       99.98     4641652    97210        2.05    97.84    NC_000913.3	JAWXVJ010000020.1
 2654963  2655069       56362    56471         107      110       90.99     4641652    79386        0.00     0.14    NC_000913.3	JAWXVJ010000025.1
 2654970  2655069      242003   241903         100      101       94.06     4641652   333909        0.00     0.03    NC_000913.3	JAWXVJ010000001.1
 2726062  2726160          99        1          99       99      100.00     4641652   313768        0.00     0.03    NC_000913.3	JAWXVJ010000003.1
 2729602  2731303           1     1702        1702     1702       99.59     4641652     1702        0.04   100.00    NC_000913.3	JAWXVJ010000096.1
 2731312  2755956      124721   100077       24645    24645       99.98     4641652   124721        0.53    19.76    NC_000913.3	JAWXVJ010000010.1
 2772003  2772679       27664    26988         677      677       81.09     4641652    42281        0.01     1.60    NC_000913.3	JAWXVJ010000037.1
 2777964  2818570      100100    59486       40607    40615       99.95     4641652   124721        0.87    32.56    NC_000913.3	JAWXVJ010000010.1
 2778136  2778490       25403    25050         355      354       95.49     4641652    48684        0.01     0.73    NC_000913.3	JAWXVJ010000036.1
 2782756  2783111       25050    24696         356      355       89.04     4641652    48684        0.01     0.73    NC_000913.3	JAWXVJ010000036.1
 2798579  2877729       79484      326       79151    79159       99.80     4641652   124721        1.71    63.47    NC_000913.3	JAWXVJ010000010.1
 2887311  2904285         167    17140       16975    16974       99.56     4641652   101501        0.37    16.72    NC_000913.3	JAWXVJ010000019.1
 2904379  2988768       17112   101501       84390    84390       99.98     4641652   101501        1.82    83.14    NC_000913.3	JAWXVJ010000019.1
 2988764  2996360           1     7598        7597     7598       99.97     4641652    76789        0.16     9.89    NC_000913.3	JAWXVJ010000026.1
 2997692  3058658       15803    76768       60967    60966       99.98     4641652    76789        1.31    79.39    NC_000913.3	JAWXVJ010000026.1
 3058647  3110441           1    51795       51795    51795       99.99     4641652    53612        1.12    96.61    NC_000913.3	JAWXVJ010000035.1
 3110318  3110448      169206   169076         131      131       92.37     4641652   313768        0.00     0.04    NC_000913.3	JAWXVJ010000003.1
 3110419  3112092        5711     7383        1674     1673       99.88     4641652   333909        0.04     0.50    NC_000913.3	JAWXVJ010000001.1
 3112091  3130145       15378    33432       18055    18055       99.98     4641652   333909        0.39     5.41    NC_000913.3	JAWXVJ010000001.1
 3131340  3186095       41822    96577       54756    54756       99.98     4641652   333909        1.18    16.40    NC_000913.3	JAWXVJ010000001.1
 3146683  3146952         270        1         270      270       98.15     4641652    29089        0.01     0.93    NC_000913.3	JAWXVJ010000044.1
 3187422  3281076       96569   190217       93655    93649       99.97     4641652   333909        2.02    28.05    NC_000913.3	JAWXVJ010000001.1
 3281067  3365555      192513   277001       84489    84489       99.98     4641652   333909        1.82    25.30    NC_000913.3	JAWXVJ010000001.1
 3318213  3318289       60196    60120          77       77       98.70     4641652   101501        0.00     0.08    NC_000913.3	JAWXVJ010000019.1
 3318213  3318289       60306    60230          77       77       98.70     4641652   101501        0.00     0.08    NC_000913.3	JAWXVJ010000019.1
 3318213  3318289       60416    60340          77       77       98.70     4641652   101501        0.00     0.08    NC_000913.3	JAWXVJ010000019.1
 3366751  3423661      276998   333909       56911    56912       99.98     4641652   333909        1.23    17.04    NC_000913.3	JAWXVJ010000001.1
 3427207  3428908           1     1702        1702     1702       99.76     4641652     1702        0.04   100.00    NC_000913.3	JAWXVJ010000096.1
 3428995  3470163       41169        1       41169    41169       99.99     4641652    41169        0.89   100.00    NC_000913.3	JAWXVJ010000039.1
 3470164  3471194        1031        1        1031     1031       99.90     4641652     1031        0.02   100.00    NC_000913.3	JAWXVJ010000110.1
 3471195  3583427           1   112235      112233   112235       99.98     4641652   147303        2.42    76.19    NC_000913.3	JAWXVJ010000008.1
 3471196  3471328           2      134         133      133       95.49     4641652     4113        0.00     3.23    NC_000913.3	JAWXVJ010000079.1
 3583428  3584195        6356     5589         768      768       97.14     4641652    24288        0.02     3.16    NC_000913.3	JAWXVJ010000047.1
 3584196  3619272      112227   147303       35077    35077       99.96     4641652   147303        0.76    23.81    NC_000913.3	JAWXVJ010000008.1
 3585081  3585375       61673    61966         295      294       92.20     4641652    64419        0.01     0.46    NC_000913.3	JAWXVJ010000029.1
 3619384  3622141        2758        1        2758     2758       99.96     4641652     2758        0.06   100.00    NC_000913.3	JAWXVJ010000089.1
 3622724  3652036           1    29312       29313    29312       99.97     4641652    42281        0.63    69.33    NC_000913.3	JAWXVJ010000037.1
 3653231  3666204       29308    42281       12974    12974       99.95     4641652    42281        0.28    30.69    NC_000913.3	JAWXVJ010000037.1
 3666205  3667337           1     1133        1133     1133      100.00     4641652     1133        0.02   100.00    NC_000913.3	JAWXVJ010000109.1
 3667338  3762263       94926        1       94926    94926       99.97     4641652    94926        2.05   100.00    NC_000913.3	JAWXVJ010000022.1
 3765635  3792615           1    26981       26981    26981       99.05     4641652   174866        0.58    15.43    NC_000913.3	JAWXVJ010000005.1
 3793939  3794913       27083    28057         975      975       97.03     4641652   174866        0.02     0.56    NC_000913.3	JAWXVJ010000005.1
 3794929  3796878       28191    30140        1950     1950       96.05     4641652   174866        0.04     1.12    NC_000913.3	JAWXVJ010000005.1
 3799888  3802027       33177    35317        2140     2141       87.45     4641652   174866        0.05     1.22    NC_000913.3	JAWXVJ010000005.1
 3802034  3804138       35448    37552        2105     2105       88.36     4641652   174866        0.05     1.20    NC_000913.3	JAWXVJ010000005.1
 3805243  3941441       38668   174866      136199   136199       99.54     4641652   174866        2.93    77.89    NC_000913.3	JAWXVJ010000005.1
 3941662  3943363        1702        1        1702     1702       99.94     4641652     1702        0.04   100.00    NC_000913.3	JAWXVJ010000096.1
 3946950  4027510           1    80570       80561    80570       99.95     4641652    88125        1.74    91.43    NC_000913.3	JAWXVJ010000024.1
 3982604  3982692       98172    98260          89       89      100.00     4641652   117560        0.00     0.08    NC_000913.3	JAWXVJ010000012.1
 3982605  3982692       98408    98495          88       88      100.00     4641652   117560        0.00     0.07    NC_000913.3	JAWXVJ010000012.1
 3982606  3982692       98289    98375          87       87       98.85     4641652   117560        0.00     0.07    NC_000913.3	JAWXVJ010000012.1
 4027418  4035164       80379    88125        7747     7747       99.99     4641652    88125        0.17     8.79    NC_000913.3	JAWXVJ010000024.1
 4037497  4038727           1     1231        1231     1231       99.92     4641652     1231        0.03   100.00    NC_000913.3	JAWXVJ010000107.1
 4040846  4166309      125465        2      125464   125464       99.98     4641652   125465        2.70   100.00    NC_000913.3	JAWXVJ010000009.1
 4084411  4085685       21858    23132        1275     1275       79.91     4641652    41495        0.03     3.07    NC_000913.3	JAWXVJ010000038.1
 4171966  4176078        4113        1        4113     4113       99.95     4641652     4113        0.09   100.00    NC_000913.3	JAWXVJ010000079.1
 4175472  4175556       82101    82017          85       85       97.65     4641652   112039        0.00     0.08    NC_000913.3	JAWXVJ010000014.1
 4175472  4175556       82395    82311          85       85       97.65     4641652   112039        0.00     0.08    NC_000913.3	JAWXVJ010000014.1
 4175945  4176077         134        2         133      133       95.49     4641652   147303        0.00     0.09    NC_000913.3	JAWXVJ010000008.1
 4176079  4177109           1     1031        1031     1031       99.90     4641652     1031        0.02   100.00    NC_000913.3	JAWXVJ010000110.1
 4177110  4207842       30733        1       30733    30733       99.98     4641652    30733        0.66   100.00    NC_000913.3	JAWXVJ010000041.1
 4213068  4218570           1     5503        5503     5503       99.91     4641652   313768        0.12     1.75    NC_000913.3	JAWXVJ010000003.1
 4218420  4296267        5451    83297       77848    77847       99.97     4641652   313768        1.68    24.81    NC_000913.3	JAWXVJ010000003.1
 4295835  4296096       83091    83352         262      262       99.62     4641652   313768        0.01     0.08    NC_000913.3	JAWXVJ010000003.1
 4296381  4326087       83300   113006       29707    29707       99.98     4641652   313768        0.64     9.47    NC_000913.3	JAWXVJ010000003.1
 4326005  4326384      112724   113103         380      380       96.59     4641652   313768        0.01     0.12    NC_000913.3	JAWXVJ010000003.1
 4326187  4362571      113006   149390       36385    36385       99.98     4641652   313768        0.78    11.60    NC_000913.3	JAWXVJ010000003.1
 4362437  4362674       51909    51672         238      238       94.12     4641652    53612        0.01     0.44    NC_000913.3	JAWXVJ010000035.1
 4362509  4426610      169041   233142       64102    64102       99.56     4641652   313768        1.38    20.43    NC_000913.3	JAWXVJ010000003.1
 4427693  4437495      242372   252170        9803     9799       97.87     4641652   313768        0.21     3.12    NC_000913.3	JAWXVJ010000003.1
 4438724  4448397      252179   261836        9674     9658       98.50     4641652   313768        0.21     3.08    NC_000913.3	JAWXVJ010000003.1
 4449032  4476006      261965   288962       26975    26998       98.13     4641652   313768        0.58     8.60    NC_000913.3	JAWXVJ010000003.1
 4477177  4478893      289938   291660        1717     1723       96.52     4641652   313768        0.04     0.55    NC_000913.3	JAWXVJ010000003.1
 4479022  4484434      291690   297102        5413     5413       97.58     4641652   313768        0.12     1.73    NC_000913.3	JAWXVJ010000003.1
 4484333  4484434      297097   297198         102      102       96.08     4641652   313768        0.00     0.03    NC_000913.3	JAWXVJ010000003.1
 4484333  4490102      297193   302920        5770     5728       96.85     4641652   313768        0.12     1.83    NC_000913.3	JAWXVJ010000003.1
 4495190  4496490      303011   304311        1301     1301       97.69     4641652   313768        0.03     0.41    NC_000913.3	JAWXVJ010000003.1
 4497620  4497961       52938    53277         342      340       82.03     4641652    53612        0.01     0.63    NC_000913.3	JAWXVJ010000035.1
 4507124  4507229         107        2         106      106       99.06     4641652   319444        0.00     0.03    NC_000913.3	JAWXVJ010000002.1
 4507125  4507260      313632   313767         136      136       97.06     4641652   313768        0.00     0.04    NC_000913.3	JAWXVJ010000003.1
 4508689  4509006        4672     4989         318      318       99.69     4641652     5513        0.01     5.77    NC_000913.3	JAWXVJ010000072.1
 4509007  4518471          77     9543        9465     9467       99.49     4641652     9543        0.20    99.20    NC_000913.3	JAWXVJ010000058.1
 4518468  4519239        6361     5589         772      773       92.37     4641652    24288        0.02     3.18    NC_000913.3	JAWXVJ010000047.1
 4519148  4519239           1       92          92       92      100.00     4641652     6452        0.00     1.43    NC_000913.3	JAWXVJ010000066.1
 4519149  4519239      117559   117469          91       91       98.90     4641652   117560        0.00     0.08    NC_000913.3	JAWXVJ010000012.1
 4536611  4539609         382     3380        2999     2999       98.70     4641652     3380        0.06    88.73    NC_000913.3	JAWXVJ010000086.1
 4539605  4568498       29089      264       28894    28826       97.59     4641652    29089        0.62    99.10    NC_000913.3	JAWXVJ010000044.1
 4587909  4614466      116675    90065       26558    26611       98.14     4641652   117560        0.57    22.64    NC_000913.3	JAWXVJ010000012.1
 4606315  4606403       35745    35657          89       89      100.00     4641652    88125        0.00     0.10    NC_000913.3	JAWXVJ010000024.1
 4614353  4614567       90279    90065         215      215       96.28     4641652   117560        0.00     0.18    NC_000913.3	JAWXVJ010000012.1
 4614454  4618103       90279    86630        3650     3650       98.41     4641652   117560        0.08     3.10    NC_000913.3	JAWXVJ010000012.1
 4618212  4621771       86419    82837        3560     3583       96.77     4641652   117560        0.08     3.05    NC_000913.3	JAWXVJ010000012.1
 4623102  4641652       82549    64052       18551    18498       98.05     4641652   117560        0.40    15.73    NC_000913.3	JAWXVJ010000012.1
