333909
319444
313768
191874
174866
163958
159204
147303
125465
124721
119661
117560
114060
112039
106081
105699
102870
102447
101501
97210
95412
94926
91474
88125
79386
76789
69704
69076
64419
60008
59876
58077
56587
54863
53612
48684
42281
41495
41169
35800
30733
29238
29220
29089
27763
26445
24288
23800
21829
19106
18226
17142
16479
16401
16266
12987
12135
9543
8940
8394
8262
8006
7974
7283
6852
6452
6434
6313
5825
5721
5716
5513
5478
5167
4480
4311
4246
4222
4113
4007
3599
3585
3540
3480
3427
3380
3135
3082
2758
2506
2484
2391
2302
2244
2041
1702
1554
1551
1519
1475
1431
1417
1410
1403
1340
1256
1231
1154
1133
1031
1030
