333909
124721
1475
1431
1417
1403
1410
1340
1256
1231
1154
1133
119661
1031
1030
117560
114060
112039
106081
105699
102870
102447
101501
319444
97210
95412
94926
91474
88125
79386
76789
69704
69076
64419
313768
60008
59876
58077
56587
54863
53612
48684
42281
41495
41169
191874
35800
30733
29238
29220
29089
27763
26445
24288
23800
21829
174866
19106
18226
17142
16479
16401
16266
12987
12135
9543
8940
163958
8394
8262
8006
7974
7283
6852
6452
6434
6313
5825
159204
5721
5716
5513
5478
5167
4480
4311
4246
4222
4113
147303
4007
3599
3585
3540
3480
3427
3380
3135
3082
2758
125465
2506
2484
2391
2302
2244
2041
1702
1554
1551
1519
