15390
19795
34755
59509
223464
239102
239332
250061
257907
253465
253465
253466
262956
270341
272190
273954
280426
315232
357674
381259
377530
377529
377529
384843
390470
391709
506780
524993
524992
525759
564801
566073
568649
572446
577110
577597
581070
580685
580689
581661
582117
582075
582151
582146
596976
608007
637110
687851
729771
715363
733311
762943
737915
738860
781016
839235
944917
915288
1049777
1007810
1050545
1094239
1097397
1183642
1196374
1204403
1247198
1223564
1223917
1255100
1299498
1282404
1284437
1295296
1311099
1314660
1396043
1411941
1427600
1427600
1430361
1428944
1429779
1432092
1432086
1432086
1432973
1432317
1434768
1432973
1454802
1465122
1467909
1474104
1503334
1503333
1504590
1527904
1504805
1529423
1570669
1532906
1538436
1540307
1548812
1635073
1635574
1635076
1635556
1635578
1636154
1641202
1636890
1640067
1639716
1640594
1640489
1644674
1643569
1643817
1644601
1645288
1646999
1650792
1649713
1650793
1708999
1736059
1747028
1776976
1879837
1896970
1951490
1978502
2002382
1992117
1992117
1992117
2010488
2034727
2035885
2042025
2044625
2045544
2049712
2051629
2066158
2058126
2058106
2058126
2068238
2070661
2071214
2071214
2071819
2074021
2076124
2077461
2077461
2097230
2078037
2078185
2078677
2101299
2128316
2134818
2153877
2165555
2167208
2170170
2288918
2229376
2304952
2449207
2466384
2473586
2476231
2514276
2558698
2538656
2543772
2601792
2630969
2726062
2655069
2655069
2726160
2731303
2755956
2772679
2818570
2778490
2783111
2877729
2904285
2988768
2996360
3058658
3110441
3110448
3112092
3130145
3186095
3146952
3281076
3365555
3318289
3318289
3318289
3423661
3428908
3470163
3471194
3583427
3471328
3584195
3619272
3585375
3622141
3652036
3666204
3667337
3762263
3792615
3794913
3796878
3802027
3804138
3941441
3943363
4027510
3982692
3982692
3982692
4035164
4038727
4166309
4085685
4176078
4175556
4175556
4176077
4177109
4207842
4218570
4296267
4296096
4326087
4326384
4362571
4362674
4426610
4437495
4448397
4476006
4478893
4484434
4484434
4490102
4496490
4497961
4507229
4507260
4509006
4518471
4519239
4519239
4519239
4539609
4568498
4614466
4606403
4614567
4618103
4621771
4641652
