48663
45607
24895
1
1
10097
19106
10723
54151
45406
70168
12624
58424
313767
385
969
5635
121330
166240
189626
183287
183389
183490
191874
5636
226
114036
1
2
15508
21780
59687
2597
876
404
72926
5073
868
7866
6895
99679
7189
2976
120
10907
1
1
50750
91471
111009
2226
29986
19106
18784
48166
106081
1
100642
104873
51346
5589
148548
150442
526
13063
65220
48684
95307
99927
7911
94271
30617
32647
281
104673
4370
82169
96868
95538
1076
97099
932
10
1968
98710
271
99636
1
8984
2900
116669
119661
3640
1
29238
2
1
487
59795
16688
1
19106
78797
76923
81900
6439
98385
2147
578
1633
7509
1
486
73351
1
72718
727
3480
69281
2244
784
2966
102441
8393
11055
12135
38007
11043
1
29220
1
1
3549
28299
51401
198892
199004
199115
59790
25291
26445
6145
7972
39747
40222
41823
55927
7872
49615
52005
56808
57022
98386
47508
1338
3540
1
3802
88836
19105
88284
4505
57321
13807
666
7144
26157
38163
40575
42916
160445
29891
175280
319419
17186
65220
59766
54863
36305
45561
62780
1
6615
1
56471
241903
1
1702
100077
26988
59486
25050
24696
326
17140
101501
7598
76768
51795
169076
7383
33432
96577
1
190217
277001
60120
60230
60340
333909
1702
1
1
112235
134
5589
147303
61966
1
29312
42281
1133
1
26981
28057
30140
35317
37552
174866
1
80570
98260
98495
98375
88125
1231
2
23132
1
82017
82311
2
1031
1
5503
83297
83352
113006
113103
149390
51672
233142
252170
261836
288962
291660
297102
297198
302920
304311
53277
2
313767
4989
9543
5589
92
117469
3380
264
90065
35657
90065
86630
82837
64052
