15390
3065
14190
24743
163958
10097
235
10723
7849
133
128
127
4274
136
384
969
87
18024
41193
23589
210
209
209
2254
5636
189
113814
18225
234
736
38081
193
411
1651
326
216
788
375
97
615
459
417
493
118
10920
10899
27763
50750
40726
101
1035
29987
1234
888
18256
58393
105691
262
104863
115
768
43694
1895
86082
12746
2239
35786
355
354
7911
44402
255
414
348
10406
3574
81504
14703
214
173
1567
150
732
1968
641
308
766
110
2555
748
19844
2994
2795
3589
29238
177
1256
23314
214
329
41495
1235
414
255
1275
63271
1252
754
578
322
316
5072
375
546
165
429
324
3480
311
264
784
258
1019
2323
652
772
57406
27389
10983
29220
102870
17142
54529
27023
23112
76
76
76
7373
22165
963
6145
1605
332
475
1604
14028
112
85
104
885
160
556
556
1161
1627
1396
1160
1160
20929
426
557
159
1447
560
1329
18647
12260
1632
2359
117490
262
14839
144705
17186
1466
2647
37693
43082
139
116
36312
29186
95106
107
100
99
1702
24645
677
40607
355
356
79151
16975
84390
7597
60967
51795
131
1674
18055
54756
270
93655
84489
77
77
77
56911
1702
41169
1031
112233
133
768
35077
295
2758
29313
12974
1133
94926
26981
975
1950
2140
2105
136199
1702
80561
89
88
87
7747
1231
125464
1275
4113
85
85
133
1031
30733
5503
77848
262
29707
380
36385
238
64102
9803
9674
26975
1717
5413
102
5770
1301
342
106
136
318
9465
772
92
91
2999
28894
26558
89
215
3650
3560
18551
