15389
3065
14205
24760
163957
10097
235
10723
7849
133
128
127
4274
136
384
969
87
18024
41193
23589
211
210
210
2254
5636
189
113814
18225
234
736
38097
193
411
1652
326
216
788
383
98
615
460
417
493
119
10920
10899
27763
50750
40726
101
1035
29986
1235
888
18273
58393
105691
262
104873
116
768
43684
1895
86083
12746
2233
35787
356
355
7911
44412
255
414
281
10406
3574
81504
14703
214
173
1567
150
732
1968
641
308
766
110
2555
748
19844
2994
2795
3592
29238
177
1256
23314
213
329
41495
1235
414
255
1275
63266
1252
754
578
322
316
5073
383
546
165
429
324
3480
311
261
784
258
1019
2325
662
773
57406
27389
10983
29220
102870
17142
54529
27023
23110
76
76
76
7371
22164
974
6145
1605
323
474
1600
14034
112
85
104
885
160
556
556
1167
1627
1396
1190
1190
20936
438
569
159
1447
560
1329
18601
12253
1632
2367
117532
262
14839
144702
17186
1466
2647
37693
43082
139
115
36312
29186
95107
110
101
99
1702
24645
677
40615
354
355
79159
16974
84390
7598
60966
51795
131
1673
18055
54756
270
93649
84489
77
77
77
56912
1702
41169
1031
112235
133
768
35077
294
2758
29312
12974
1133
94926
26981
975
1950
2141
2105
136199
1702
80570
89
88
87
7747
1231
125464
1275
4113
85
85
133
1031
30733
5503
77847
262
29707
380
36385
238
64102
9799
9658
26998
1723
5413
102
5728
1301
340
106
136
318
9467
773
92
91
2999
28826
26611
89
215
3650
3583
18498
