117560
117560
117560
117560
163958
19106
19106
191874
191874
114060
106081
53612
191874
313768
9543
1475
5721
191874
191874
191874
191874
191874
191874
191874
5721
114060
114060
18226
23800
19106
59876
191874
26445
26445
26445
191874
69704
8940
7974
7974
191874
69704
58077
119661
59876
59876
27763
91474
91474
174866
106081
106081
19106
19106
106081
106081
105699
319444
159204
79386
24288
159204
159204
102447
48684
191874
48684
124721
124721
112039
112039
41495
41495
3380
112039
5825
119661
119661
191874
1410
191874
1410
1410
58077
191874
1551
191874
1551
69704
58077
119661
119661
6434
6434
29238
26445
1256
23800
60008
19106
41495
19106
112039
112039
125465
69704
191874
58077
1551
58077
7974
69704
8940
191874
21829
191874
1519
3480
191874
2244
12135
12135
191874
8394
12135
12135
95412
95412
95412
29220
102870
17142
58077
60008
60008
313768
313768
313768
60008
26445
26445
64419
64419
64419
64419
64419
64419
64419
64419
64419
64419
64419
102447
56587
3540
3540
1403
333909
102447
56587
102447
333909
64419
56587
319444
319444
319444
319444
319444
319444
319444
105699
319444
319444
54863
191874
191874
54863
79386
79386
159204
79386
35800
97210
79386
333909
313768
1702
124721
42281
124721
48684
48684
124721
101501
101501
76789
76789
53612
313768
333909
333909
333909
29089
333909
333909
101501
101501
101501
333909
1702
41169
1031
147303
4113
24288
147303
64419
2758
42281
42281
1133
94926
174866
174866
174866
174866
174866
174866
1702
88125
117560
117560
117560
88125
1231
125465
41495
4113
112039
112039
147303
1031
30733
313768
313768
313768
313768
313768
313768
53612
313768
313768
313768
313768
313768
313768
313768
313768
313768
53612
319444
313768
5513
9543
24288
6452
117560
3380
29089
117560
88125
117560
117560
117560
117560
