1
16731
20566
34767
59507
229006
239098
239339
250059
253333
253338
253340
258683
270206
271807
272986
280340
297209
316482
357671
377321
377321
377321
382590
384835
391521
392967
506769
524759
525024
526721
565881
568239
570796
576785
577382
580283
580311
580593
581047
581659
581659
581659
582029
586057
597109
609348
637102
689046
715263
732277
732957
736682
737973
762761
780843
839227
915027
944915
1007696
1049778
1050546
1095503
1097561
1183629
1202165
1211413
1223210
1223564
1247190
1255097
1282150
1284024
1294949
1300694
1311087
1314540
1397239
1427387
1427428
1428795
1428795
1429048
1430125
1431446
1431779
1432208
1432208
1432214
1432226
1434959
1462129
1465115
1470516
1474097
1503157
1503335
1504591
1504592
1529095
1529175
1531672
1538023
1540053
1547538
1571803
1634323
1634323
1634979
1635257
1635839
1636131
1636516
1639522
1639552
1640166
1640166
1641195
1643259
1643554
1643818
1645031
1645981
1648470
1649062
1650022
1651594
1708671
1736046
1747757
1776968
1879829
1896962
1951480
1979271
1992042
1992042
1992042
2003116
2012563
2034923
2035881
2043021
2045213
2049238
2050026
2052131
2058015
2058022
2058023
2067354
2070502
2070659
2070659
2070659
2072395
2074729
2076302
2076302
2076302
2077612
2077629
2078519
2099853
2127757
2133490
2135231
2153296
2165577
2167812
2171429
2229115
2290114
2304503
2449199
2472121
2473585
2476584
2515617
2538518
2543657
2565481
2601784
2630957
2654963
2654970
2726062
2729602
2731312
2772003
2777964
2778136
2782756
2798579
2887311
2904379
2988764
2997692
3058647
3110318
3110419
3112091
3131340
3146683
3187422
3281067
3318213
3318213
3318213
3366751
3427207
3428995
3470164
3471195
3471196
3583428
3584196
3585081
3619384
3622724
3653231
3666205
3667338
3765635
3793939
3794929
3799888
3802034
3805243
3941662
3946950
3982604
3982605
3982606
4027418
4037497
4040846
4084411
4171966
4175472
4175472
4175945
4176079
4177110
4213068
4218420
4295835
4296381
4326005
4326187
4362437
4362509
4427693
4438724
4449032
4477177
4479022
4484333
4484333
4495190
4497620
4507124
4507125
4508689
4509007
4518468
4519148
4519149
4536611
4539605
4587909
4606315
4614353
4614454
4618212
4623102
