64051
48671
39099
24760
163957
1
18872
1
46303
45538
70295
12750
54151
313632
2
1
5721
103307
125048
166038
183497
183598
183699
189621
1
38
223
18225
235
14773
59876
59495
3007
2527
729
72711
4286
486
7963
7509
99220
6773
2484
2
21826
10899
27763
1
50746
111109
1192
1
17872
17897
29894
47689
105691
100903
1
51231
6356
104865
148548
86608
318
62988
12898
94952
99573
1
49860
30363
32234
1
94268
797
666
82166
95325
1248
95533
1081
741
1
98070
578
98871
110
6430
2153
96826
116668
6434
3592
1
178
1256
23800
60007
16360
41495
17872
79210
77177
80626
69704
99636
2900
1
1954
7194
5073
868
73896
165
73146
1050
1
69591
1984
1
2709
101423
6069
10394
11363
95412
38431
10983
1
102870
17142
58077
1277
28292
198967
199079
199190
52420
3128
25472
1
6368
39425
39749
40224
41894
7983
49699
52108
55924
56863
98941
48063
172
1914
1396
2613
90025
40040
88721
3937
57479
15253
107
5816
7557
25911
38944
40550
42914
29630
160442
174718
1
66685
62412
17171
79386
45423
62894
36312
35800
95107
56362
242003
99
1
124721
27664
100100
25403
25050
79484
167
17112
1
15803
1
169206
5711
15378
41822
270
96569
192513
60196
60306
60416
276998
1
41169
1031
1
2
6356
112227
61673
2758
1
29308
1
94926
1
27083
28191
33177
35448
38668
1702
1
98172
98408
98289
80379
1
125465
21858
4113
82101
82395
134
1
30733
1
5451
83091
83300
112724
113006
51909
169041
242372
252179
261965
289938
291690
297097
297193
303011
52938
107
313632
4672
77
6361
1
117559
382
29089
116675
35745
90279
90279
86419
82549
