64 64
66 23 55 38 57 0 39 21 85 4 59 93 22 4 54 70 52 94 70 47 34 66 43 73 84 5 47 48 94 53 0 60 77 21 98 100 88 2 87 38 6 11 30 29 16 50 99 68 9 35 81 43 0 90 15 50 61 29 98 54 82 64 13 24 
85 77 90 72 79 76 9 86 88 5 81 70 21 45 3 30 80 50 73 47 39 89 97 100 84 95 19 65 24 100 56 9 76 45 47 55 21 23 6 75 28 53 10 16 98 13 46 44 63 86 91 68 74 87 33 23 47 52 88 38 17 9 13 94 
55 60 14 42 83 87 83 78 39 93 94 36 72 5 46 0 91 36 68 30 90 0 53 2 18 7 40 36 16 53 96 71 80 9 79 28 96 61 5 0 53 65 2 91 71 49 91 61 51 58 92 40 24 44 9 9 17 49 11 34 69 6 4 48 
82 50 76 43 10 48 9 30 12 11 20 49 60 11 77 11 35 68 17 26 78 93 35 96 42 12 96 77 85 66 24 66 15 66 75 26 13 84 22 93 61 8 41 21 19 84 99 21 51 82 47 96 75 48 57 83 60 18 59 44 84 49 76 100 
14 16 92 95 66 13 53 26 88 60 13 7 44 78 95 61 60 7 22 0 55 79 49 81 63 7 91 47 22 32 46 2 48 3 97 80 83 15 5 70 76 86 43 19 63 37 80 89 44 2 55 65 47 3 45 10 77 35 23 99 67 69 1 81 
38 64 60 20 80 32 90 55 84 33 40 46 36 86 1 81 54 56 11 68 60 57 44 2 58 67 1 92 35 2 38 39 32 99 59 78 97 48 32 46 47 38 58 50 24 59 30 44 82 7 11 7 64 55 9 89 21 10 80 22 79 17 61 78 
82 19 55 44 34 54 90 47 92 14 97 82 73 93 26 20 0 37 27 30 59 3 85 80 80 64 2 59 48 29 36 96 15 57 6 15 10 62 62 2 76 25 50 15 17 76 35 84 80 29 81 38 32 65 84 11 96 52 36 43 82 38 4 63 
96 77 78 5 39 5 74 14 30 24 96 48 66 31 98 11 26 78 49 58 43 100 35 38 51 38 47 99 76 17 61 37 95 38 43 33 44 83 13 74 6 76 88 39 73 52 50 99 29 66 22 38 65 57 76 15 61 89 14 37 6 75 40 0 
80 49 100 90 32 79 63 4 54 17 43 26 35 60 24 64 25 12 2 90 36 44 71 97 33 51 100 5 93 40 5 72 89 71 61 20 15 90 92 70 73 0 62 7 60 53 38 85 65 6 40 0 50 78 98 49 28 63 54 87 2 25 24 58 
62 85 44 78 41 35 13 80 36 75 54 62 27 92 47 93 64 53 93 13 97 56 29 25 19 49 78 88 75 2 45 2 53 90 80 60 91 93 40 93 68 60 55 61 51 68 53 81 20 12 94 84 34 89 75 19 38 52 7 79 54 18 81 7 
74 27 67 65 86 73 57 53 32 11 81 49 79 100 29 66 11 23 49 12 78 23 31 15 41 38 94 96 57 41 2 30 68 35 61 53 8 18 73 40 96 53 90 41 52 18 73 30 7 88 42 86 77 73 67 17 78 27 12 0 68 81 97 1 
16 58 54 24 42 93 30 37 11 19 44 30 4 16 60 78 3 68 29 46 6 97 64 84 23 42 84 57 23 81 58 5 4 78 96 46 71 25 49 82 11 94 78 15 76 37 59 80 71 89 92 78 85 55 61 74 98 11 97 87 58 54 92 62 
31 87 7 68 78 56 16 89 49 94 70 25 98 29 71 68 17 62 45 68 84 73 7 47 84 3 33 41 57 91 2 54 77 9 89 20 31 4 9 47 64 45 38 61 74 8 29 57 36 40 24 86 12 31 32 96 34 65 36 57 55 4 11 98 
80 100 18 11 70 94 58 33 38 96 61 79 70 90 35 72 29 26 58 42 57 90 3 58 21 40 14 42 10 92 6 91 57 91 1 26 84 25 26 88 20 87 32 90 42 68 27 71 60 85 79 16 41 83 40 28 89 21 70 99 12 42 89 36 
32 56 28 82 81 54 70 0 6 68 56 48 35 84 86 61 34 64 44 41 12 84 69 0 4 5 66 84 47 54 19 80 10 47 61 91 68 97 58 74 65 13 89 66 63 74 27 98 3 71 38 16 20 74 83 25 79 48 75 25 69 94 71 79 
6 32 35 74 28 93 14 59 73 2 25 35 42 52 99 11 89 3 94 8 77 77 100 55 91 74 46 59 33 17 3 6 15 5 80 43 64 60 69 36 28 94 38 70 11 36 82 100 5 75 74 82 17 74 2 75 13 49 33 47 32 3 53 47 
75 99 90 38 25 58 75 53 17 79 90 28 81 37 94 87 78 34 68 62 7 71 36 87 86 35 100 17 4 18 64 79 84 19 17 8 44 58 27 27 36 83 22 83 86 15 69 30 15 3 92 89 74 94 76 25 95 75 8 100 94 72 44 77 
57 61 51 67 85 78 95 87 27 16 70 12 98 38 42 13 7 100 1 81 59 77 72 54 18 80 53 78 17 63 54 75 91 71 41 75 14 1 28 41 17 98 20 15 1 62 28 9 28 96 56 87 73 95 40 91 74 59 68 92 22 88 32 12 
24 39 53 38 41 81 80 58 44 100 39 12 27 67 21 21 63 43 75 1 37 14 58 78 40 92 69 28 45 67 6 69 5 25 6 46 6 52 71 16 17 9 28 11 43 49 32 72 59 6 39 96 88 97 39 94 54 7 21 99 74 94 33 46 
18 39 92 91 58 62 7 75 38 35 86 81 51 85 52 9 57 57 71 44 53 10 37 6 84 24 71 24 84 3 70 2 8 27 93 32 56 66 7 94 1 59 40 52 9 58 27 67 14 98 77 67 74 81 39 24 71 76 48 55 79 84 23 53 
10 82 86 66 48 59 59 49 84 65 67 60 22 94 26 36 57 69 2 98 49 7 21 20 83 69 41 27 52 64 47 28 45 32 95 59 57 19 74 6 85 40 66 6 100 92 43 23 27 11 20 76 86 7 62 34 76 2 62 94 32 8 88 44 
6 48 2 29 68 77 35 18 83 1 91 83 59 100 5 86 78 92 28 63 99 90 97 40 59 24 100 91 99 87 34 71 35 3 100 69 80 1 53 28 2 43 10 27 43 82 13 87 73 41 49 37 97 11 77 55 36 76 12 0 29 12 72 30 
15 37 99 61 38 51 90 6 60 66 34 69 48 13 55 87 20 70 24 16 82 0 38 84 43 50 84 38 28 21 68 44 59 32 71 63 49 60 70 8 26 70 78 40 83 32 26 69 2 50 51 50 17 55 100 26 4 83 30 100 71 98 43 96 
96 13 58 44 40 94 52 32 63 96 72 11 95 98 80 63 14 98 12 31 52 11 23 23 60 53 22 97 16 31 92 11 44 50 55 50 43 73 82 73 69 53 84 63 51 30 25 31 27 37 28 45 14 51 68 40 70 90 37 86 20 28 97 31 
44 17 47 54 90 29 26 58 82 9 20 99 5 11 29 99 14 57 44 28 74 11 69 43 68 5 95 88 100 91 85 44 7 32 98 64 27 23 21 8 99 8 74 71 19 69 69 34 93 12 62 66 91 97 76 58 68 70 11 68 27 97 78 0 
95 41 64 21 64 52 96 28 60 35 99 79 4 34 79 63 46 41 95 36 3 36 60 38 6 72 5 100 34 49 66 95 90 97 82 19 48 77 13 7 79 79 52 49 12 31 11 24 38 72 27 41 8 87 45 14 58 50 80 58 65 11 52 54 
7 33 39 55 77 53 28 21 31 81 70 43 78 47 33 15 18 60 22 26 47 68 6 71 84 86 96 49 98 47 69 71 47 8 26 23 61 54 44 58 0 80 67 78 26 100 59 44 60 82 37 73 15 43 9 99 96 4 13 59 18 83 29 65 
57 21 54 84 42 64 41 42 9 7 87 35 73 45 45 99 93 82 71 7 92 47 73 53 17 86 11 35 34 6 66 91 28 19 40 36 49 81 78 58 54 30 93 94 42 4 92 34 52 29 8 9 76 81 62 93 32 39 95 67 46 60 23 40 
80 30 76 95 77 19 53 98 50 11 91 92 82 82 92 34 10 100 43 52 46 72 11 45 10 5 78 22 31 0 62 77 97 37 72 74 23 24 71 73 1 61 30 84 8 88 17 86 54 26 3 100 64 14 44 75 86 21 97 17 89 25 94 85 
28 65 24 51 55 95 90 57 21 19 40 97 74 23 82 27 15 85 26 80 66 37 20 51 24 83 34 12 7 28 64 2 59 88 53 14 49 43 37 36 28 43 32 1 66 80 28 47 65 21 93 97 24 12 13 48 62 48 61 35 42 91 37 67 
78 91 47 93 100 84 29 27 26 27 96 58 7 90 5 38 77 64 34 0 77 13 49 4 61 76 39 69 66 77 36 9 67 83 69 66 67 64 59 59 91 20 17 64 77 89 1 19 52 1 20 95 15 35 99 42 77 38 11 8 14 47 84 47 
96 52 79 28 82 3 88 73 91 71 36 67 25 4 86 43 5 72 38 20 73 2 63 49 6 40 57 87 53 7 33 48 59 11 77 7 82 30 80 72 67 82 38 92 86 90 34 92 62 38 78 0 41 6 50 47 46 73 34 65 80 33 13 5 
11 56 12 93 52 58 64 18 5 68 9 92 57 43 49 85 48 93 86 89 100 1 1 11 40 1 77 20 35 56 92 46 11 70 4 29 27 68 47 32 1 56 90 58 65 4 9 12 98 61 67 63 28 69 74 68 36 16 54 71 72 45 83 49 
81 87 78 74 54 91 73 55 46 62 80 78 33 55 56 30 82 90 93 9 24 32 43 60 49 98 31 87 8 13 2 90 67 46 63 87 37 1 8 49 64 88 26 97 8 49 93 56 38 51 65 62 83 7 88 98 71 18 51 80 99 53 35 31 
65 64 17 1 66 25 51 96 79 43 58 87 92 50 42 96 0 73 23 49 47 11 13 17 96 64 97 60 83 31 91 47 96 8 15 27 33 66 22 12 75 80 65 67 29 7 28 96 46 52 10 93 63 23 10 24 53 73 85 1 71 75 15 32 
83 30 59 16 96 81 95 36 60 59 2 89 32 98 50 79 49 60 37 78 50 47 68 2 87 52 71 57 27 86 55 9 15 13 92 77 60 86 12 19 45 82 74 77 79 23 21 94 49 59 37 99 72 4 68 58 57 4 81 50 90 35 25 4 
14 17 47 74 2 59 59 13 40 32 57 85 21 78 44 71 2 47 35 75 52 69 99 75 73 46 91 28 47 15 32 62 32 79 1 1 4 61 81 10 93 37 96 81 82 5 17 84 53 18 24 71 88 90 11 26 35 1 55 82 16 53 9 49 
99 78 16 2 38 97 79 97 0 74 77 82 46 60 31 99 79 22 35 32 11 46 24 12 47 79 60 63 99 36 78 63 13 60 31 51 57 9 13 23 84 57 4 96 16 1 94 95 90 28 26 0 40 51 79 87 96 39 15 60 75 60 22 88 
19 53 4 42 63 84 65 12 40 35 7 57 37 67 17 26 61 44 94 0 61 72 87 22 77 68 83 51 27 4 4 47 24 75 89 87 59 54 65 65 55 38 21 92 4 39 85 31 49 44 31 9 15 84 31 59 51 80 76 45 85 47 92 75 
21 46 61 46 66 92 11 21 29 32 79 33 37 63 64 52 73 61 27 55 10 25 13 27 4 89 72 55 35 63 29 23 9 56 69 41 47 80 62 42 79 41 41 15 70 71 34 43 31 61 98 41 86 10 69 91 65 6 11 0 70 41 23 45 
63 92 86 77 38 48 18 16 55 60 98 24 30 31 33 28 93 30 35 44 6 70 34 72 77 46 38 46 53 27 57 82 85 42 58 22 56 77 4 77 2 2 1 32 100 0 60 92 31 62 36 3 31 36 75 7 48 79 19 67 5 76 49 91 
85 6 79 6 49 84 84 51 86 51 50 51 51 76 43 48 37 45 52 69 47 93 42 96 72 62 28 77 37 77 33 88 50 12 95 99 96 78 16 47 95 32 98 45 7 6 94 11 17 11 46 65 3 88 26 75 49 54 18 53 31 51 6 47 
29 0 45 91 44 27 3 38 59 68 50 33 74 43 44 92 54 90 22 57 43 48 99 93 1 83 11 99 100 17 45 29 85 57 86 28 84 90 33 9 57 83 42 30 92 52 88 45 7 76 68 50 23 32 8 92 14 19 90 14 3 35 9 88 
92 95 82 41 84 14 16 6 63 24 3 54 76 91 65 83 33 100 100 56 31 7 47 12 94 37 93 97 38 1 50 96 62 98 2 46 12 19 18 75 43 21 96 86 79 60 34 11 59 33 67 57 7 81 69 0 84 27 63 88 28 79 83 56 
76 85 1 88 70 87 29 13 7 91 99 86 50 99 97 76 32 30 99 39 10 33 5 60 60 34 47 54 12 29 9 88 80 78 42 50 64 37 29 71 27 94 57 43 92 19 18 90 49 16 95 25 15 100 85 75 33 31 28 45 26 38 100 6 
15 41 22 79 78 51 15 4 10 38 47 68 58 32 58 73 14 52 99 30 18 83 4 51 81 100 63 6 37 62 79 18 2 0 63 46 17 78 50 27 16 97 62 40 95 19 12 9 37 10 39 55 60 9 73 40 8 35 46 11 63 25 29 31 
92 92 77 9 36 93 2 18 89 64 58 50 49 70 59 87 47 64 41 6 73 13 46 48 14 58 59 43 49 89 40 41 46 16 16 82 8 85 66 64 15 23 13 64 94 38 50 40 68 58 12 6 37 24 54 18 82 80 61 98 68 1 4 80 
84 87 28 59 71 94 22 86 17 1 16 77 5 66 83 73 90 95 79 27 85 33 45 32 12 72 29 46 39 100 92 90 86 86 48 23 80 36 75 63 3 91 5 8 23 88 81 79 48 25 5 32 58 16 64 36 55 60 48 94 25 6 83 11 
92 97 0 71 32 75 100 35 32 4 43 55 58 90 33 72 15 5 70 39 88 0 42 42 60 56 2 85 62 51 62 54 48 62 91 46 3 91 82 35 61 91 90 86 47 89 57 28 60 27 33 48 27 75 90 53 31 92 3 93 9 32 12 57 
94 3 2 63 60 50 98 20 7 53 5 20 42 29 48 68 56 81 15 49 22 5 68 53 63 71 11 72 2 24 95 63 94 64 25 53 80 90 39 53 42 11 73 50 40 87 18 62 34 33 10 56 4 44 75 34 14 52 72 84 42 33 12 35 
63 3 54 42 93 60 62 35 37 0 85 43 88 69 4 88 69 81 9 39 24 84 73 4 1 11 54 44 44 66 45 73 70 66 14 62 92 42 63 28 43 48 71 97 83 41 84 51 21 59 91 11 42 29 82 9 6 36 53 50 1 65 22 71 
97 3 100 88 45 62 15 54 76 52 50 59 93 100 76 80 58 32 57 66 62 38 76 68 74 95 85 42 59 73 79 21 42 78 8 54 6 90 7 82 41 24 6 100 23 49 45 82 81 68 47 42 73 89 77 46 84 27 54 8 100 33 30 8 
77 4 62 83 95 35 31 1 59 37 68 83 86 79 30 33 47 43 41 19 99 17 31 48 10 86 22 77 85 18 85 61 23 12 10 17 47 41 85 73 44 52 21 97 31 51 29 44 60 70 63 58 54 60 5 64 11 28 40 96 46 91 23 69 
2 33 52 16 74 3 55 84 55 76 80 52 26 8 62 86 45 24 10 99 51 15 28 62 43 35 58 56 25 81 24 95 80 43 77 53 46 31 36 67 6 83 86 99 57 47 50 1 38 60 66 89 42 95 50 51 96 74 6 20 20 98 81 100 
40 23 18 52 54 21 18 26 3 3 91 60 51 41 28 55 67 94 43 8 54 59 60 49 33 66 36 19 63 83 19 69 6 3 20 26 24 39 19 27 8 9 54 25 50 82 80 84 41 89 92 96 48 17 10 47 84 46 66 12 96 51 82 1 
55 68 94 79 73 12 73 82 22 93 73 38 40 19 21 47 7 13 8 21 30 19 68 80 31 0 59 26 17 40 94 38 74 88 84 47 100 56 95 88 14 67 26 54 86 47 67 60 26 76 81 23 95 49 2 25 15 61 18 99 67 11 37 41 
65 20 88 31 42 48 18 56 14 44 76 67 58 42 26 50 17 6 73 78 21 76 70 2 2 88 1 36 65 38 77 30 58 30 61 66 78 45 21 58 56 63 24 13 71 16 29 55 23 2 32 10 44 1 13 46 55 81 82 20 18 24 16 42 
54 43 7 98 88 95 56 9 23 46 89 94 29 18 48 18 20 47 28 64 48 7 76 3 88 58 90 72 82 72 80 2 14 53 66 68 13 88 78 36 0 32 30 29 50 44 47 36 57 75 100 5 49 76 75 2 100 30 41 47 1 20 15 82 
40 82 49 53 69 93 90 69 92 86 98 41 96 44 78 53 86 43 24 0 85 99 2 84 95 43 98 62 30 12 43 70 94 58 22 29 17 78 64 8 63 28 15 59 72 59 78 23 2 1 23 87 66 93 37 60 1 34 21 98 12 30 67 73 
88 56 1 4 33 65 79 63 93 95 88 31 53 65 20 55 32 10 8 98 2 11 23 70 11 44 68 23 74 0 96 27 56 63 32 56 28 10 85 87 4 72 84 24 2 4 45 0 14 53 98 83 30 20 52 41 30 86 65 3 87 26 30 8 
90 28 64 17 5 14 70 76 52 54 100 54 24 45 54 4 64 17 87 95 37 4 35 67 57 66 36 43 93 33 51 82 27 82 65 32 96 34 8 48 54 7 68 78 18 22 48 83 5 34 77 43 5 11 76 62 78 79 71 70 78 21 17 4 
2 82 37 99 82 11 12 2 18 80 46 3 68 95 86 74 95 62 83 66 39 58 27 16 2 64 52 80 86 35 85 54 83 88 18 65 99 30 33 83 10 79 86 78 73 71 51 68 99 33 100 38 58 94 20 60 57 39 6 42 74 91 63 57 
44 81 21 42 78 54 24 88 99 77 31 72 47 49 5 46 48 4 84 5 64 3 32 21 42 38 29 83 95 92 39 4 39 26 46 16 46 36 70 44 12 0 82 26 15 53 72 64 24 21 35 88 91 33 8 100 37 38 82 98 96 20 1 34 
46 47 16 58 50 86 1 28 53 84 54 68 36 25 98 26 12 33 14 3 66 22 2 3 26 84 0 22 70 69 22 82 82 39 39 31 24 40 60 43 90 80 11 93 5 8 18 84 7 99 87 74 21 55 43 13 4 9 35 74 78 24 55 60 
