64 64
63 60 57 53 67 16 97 56 97 7 14 68 82 100 51 90 98 4 29 85 25 38 99 30 13 100 3 92 23 25 17 86 85 74 39 51 57 35 74 19 8 54 87 56 53 3 11 17 74 6 68 100 44 66 29 58 32 99 15 55 23 32 7 75 
72 12 92 28 13 65 47 21 86 100 77 4 70 55 21 43 61 90 8 5 21 3 29 53 2 10 75 92 42 82 32 80 94 24 8 6 55 21 94 40 21 36 45 91 91 32 100 52 88 75 23 76 78 18 95 80 28 69 38 36 16 70 15 76 
60 90 48 15 11 7 21 32 44 32 89 0 31 54 18 18 28 7 60 6 25 55 52 19 90 56 55 6 26 37 48 52 26 97 67 3 3 55 35 13 87 90 81 17 44 65 2 72 73 62 44 64 83 97 50 73 52 71 79 44 7 93 97 0 
55 29 3 59 50 5 38 37 95 85 20 4 50 89 43 89 51 87 18 33 49 68 5 1 39 50 11 12 9 74 12 64 3 83 89 53 88 27 56 48 78 43 53 94 31 96 82 82 48 67 82 98 34 53 65 39 3 76 52 79 50 30 42 19 
12 31 72 100 24 95 14 1 37 67 96 68 28 43 16 76 9 98 73 44 16 37 49 86 13 67 64 29 98 6 48 76 37 86 42 61 80 56 28 83 22 23 17 50 67 100 25 42 97 65 52 79 1 1 65 81 68 28 9 65 34 57 7 37 
43 49 98 89 4 26 38 26 15 55 42 48 54 33 91 16 98 42 95 100 9 59 80 78 54 56 8 88 79 15 92 21 64 89 77 34 81 14 60 63 35 68 10 89 1 67 71 99 76 31 64 51 91 10 28 10 66 3 64 44 85 55 32 15 
10 8 49 57 89 76 19 90 43 97 78 10 29 14 9 4 45 73 56 1 83 50 11 14 19 76 59 71 97 57 86 6 31 0 64 19 76 49 8 86 45 52 96 75 32 71 45 77 10 67 45 93 84 56 74 2 98 99 73 61 55 24 67 86 
25 97 71 67 46 45 18 57 63 14 98 95 51 9 37 61 76 82 20 25 4 94 28 68 92 67 28 12 92 62 98 83 58 34 15 70 45 34 94 7 14 91 68 65 66 4 93 8 53 12 33 57 5 61 24 63 95 19 41 52 81 4 34 38 
38 15 75 83 49 68 56 29 24 23 95 57 94 87 65 46 65 98 69 36 59 60 99 19 79 39 71 59 43 71 63 47 86 37 96 1 71 51 30 62 40 91 18 100 43 83 12 7 80 81 43 4 40 7 23 85 12 60 43 21 30 6 34 83 
9 29 84 47 46 80 8 52 71 26 52 80 75 64 88 54 10 97 25 17 71 48 1 83 8 11 71 4 84 4 87 93 0 36 5 46 83 13 65 19 5 83 99 80 12 52 0 22 15 25 5 86 39 74 34 13 85 71 18 68 76 71 26 42 
74 99 54 56 11 18 75 84 0 39 29 12 92 96 1 6 20 6 58 26 46 58 39 30 29 23 64 4 61 57 46 0 55 100 56 32 85 97 82 85 1 11 64 93 73 31 65 60 37 89 86 50 47 91 80 76 81 10 46 41 33 92 41 54 
57 63 86 7 25 34 93 26 11 22 86 84 53 50 43 56 5 95 5 52 86 52 27 66 62 73 73 95 30 80 48 53 42 100 61 33 100 19 59 10 41 44 95 60 61 3 15 66 99 88 84 50 39 10 82 67 49 20 27 45 100 41 98 7 
6 58 6 6 77 65 16 84 76 77 43 2 81 25 34 45 12 17 61 17 94 8 50 8 28 77 53 94 84 50 67 90 75 73 96 17 3 79 1 45 55 10 13 1 1 47 12 80 30 39 97 90 47 12 64 41 89 16 0 38 33 33 28 74 
5 90 91 76 34 58 20 56 35 34 57 36 47 36 16 44 41 79 100 55 92 30 96 46 46 63 51 45 96 79 18 68 34 76 43 69 100 29 24 34 29 47 37 43 49 19 87 91 98 52 45 55 82 6 68 95 69 18 5 31 63 91 99 63 
66 41 31 31 70 21 66 66 69 69 8 17 88 95 7 51 12 18 73 61 25 6 55 94 91 60 91 53 50 89 82 82 96 13 13 32 34 45 98 69 13 5 53 0 66 60 51 78 45 23 38 70 29 59 29 19 19 20 38 35 8 20 17 71 
100 97 2 100 41 100 35 54 4 88 20 70 13 71 13 58 61 18 27 56 77 57 42 62 43 46 98 51 32 81 21 98 77 90 98 84 89 32 37 59 86 57 95 99 94 8 57 20 26 50 43 2 6 51 31 49 97 28 67 96 75 54 93 51 
10 90 34 99 88 37 58 73 60 18 38 19 26 95 6 18 44 49 88 17 100 18 32 62 12 65 57 87 86 16 3 96 72 3 60 60 6 84 99 66 2 36 85 28 97 57 47 7 5 34 91 71 18 22 100 30 54 22 16 39 38 86 0 10 
89 60 36 95 44 34 26 46 37 77 74 100 34 87 6 5 87 97 77 4 86 42 34 39 64 16 44 69 1 44 45 56 3 81 50 47 81 42 59 84 19 100 84 53 52 90 58 39 53 0 43 38 42 44 77 73 26 20 7 28 30 52 84 33 
99 0 47 45 8 72 29 27 71 12 46 23 68 4 28 20 71 37 58 80 81 0 52 7 87 25 1 16 77 51 16 41 17 29 86 26 0 81 53 72 59 100 61 27 70 89 13 6 25 38 86 73 38 3 46 92 28 47 7 71 64 23 11 48 
52 64 74 19 44 93 91 3 58 17 97 94 5 76 0 97 13 86 69 18 90 14 9 84 27 83 55 58 73 32 5 91 62 45 9 6 3 66 76 62 83 72 55 54 13 21 51 27 7 86 11 63 67 20 46 60 69 67 17 41 66 89 32 27 
100 7 100 3 74 75 65 22 12 86 77 26 7 94 19 81 79 30 43 45 16 55 5 85 89 89 26 54 44 24 47 43 31 47 46 71 88 77 94 67 63 36 93 36 29 78 83 74 7 25 86 23 46 91 7 0 45 100 20 89 23 68 99 21 
81 44 58 68 21 17 0 50 19 93 52 14 36 34 89 43 25 74 66 71 30 40 38 75 39 58 30 29 92 95 16 72 38 40 6 25 58 6 41 43 66 93 58 1 93 46 45 17 19 77 55 15 16 93 90 22 50 86 17 42 80 33 80 85 
73 52 76 97 59 17 40 91 76 98 92 69 9 2 86 28 46 6 43 28 99 99 16 15 51 33 23 97 66 69 47 5 21 23 68 80 40 7 36 82 71 94 50 80 63 2 74 8 8 83 2 74 82 19 55 99 52 44 95 85 12 42 90 33 
31 23 79 37 98 81 18 68 75 35 14 37 3 88 45 78 71 47 17 18 66 72 83 85 15 43 69 95 51 24 94 82 47 39 18 44 19 3 79 94 38 93 30 7 46 41 85 16 55 2 0 87 40 83 71 22 93 5 16 43 29 9 25 43 
14 9 87 34 12 65 94 16 23 91 90 70 31 75 52 52 77 53 5 83 1 76 4 60 82 20 3 77 97 95 19 10 70 73 10 49 3 4 65 27 95 55 97 92 96 48 10 38 67 15 20 35 91 25 95 38 11 98 82 74 58 0 51 28 
39 61 77 43 31 7 70 92 28 32 84 23 80 94 61 13 8 48 48 65 73 8 70 50 6 51 24 30 17 41 58 23 1 34 66 100 8 35 91 36 67 40 60 12 33 87 92 7 0 39 39 39 48 75 90 20 92 80 16 75 20 75 98 88 
75 63 87 49 64 78 86 97 17 11 9 17 64 67 91 65 6 29 3 20 70 93 6 61 38 22 36 58 63 33 46 4 63 32 53 26 76 38 23 60 15 99 77 80 65 33 44 37 29 13 23 99 73 96 60 10 18 96 69 47 95 81 51 57 
79 4 84 55 8 73 14 24 37 57 70 1 90 80 5 18 93 28 17 65 24 43 42 8 38 77 21 99 57 73 56 1 43 5 56 17 44 36 41 81 59 10 48 49 56 53 67 49 48 50 80 38 93 21 12 97 98 33 96 20 72 17 22 14 
89 44 32 32 47 39 12 5 16 60 54 72 80 88 20 27 3 67 31 97 88 43 59 52 42 20 38 14 37 60 28 92 71 26 23 17 66 35 89 82 62 43 19 41 97 6 34 100 73 65 62 26 74 88 44 15 7 83 29 11 8 24 2 79 
50 26 62 15 27 51 63 55 60 83 96 22 55 96 21 27 26 50 19 100 37 64 82 44 46 77 21 54 0 24 100 51 16 27 32 9 78 62 65 3 10 60 25 65 22 13 58 48 63 77 14 66 40 62 76 86 38 98 6 39 88 5 56 3 
32 54 12 77 15 77 80 25 3 72 56 92 85 13 39 13 91 19 79 30 81 54 83 86 17 55 24 4 60 46 7 58 100 87 0 15 63 47 6 32 18 63 23 2 76 29 82 32 14 60 29 96 13 11 47 31 66 71 1 92 83 9 15 82 
96 83 63 24 29 70 23 47 32 46 15 74 41 97 6 56 22 35 17 1 12 64 99 44 0 0 1 83 76 16 30 71 99 94 61 94 63 84 6 61 97 88 0 37 50 6 93 72 7 9 74 19 39 38 63 39 38 64 21 13 47 52 50 11 
11 11 5 40 61 78 0 57 66 0 61 15 74 19 88 81 96 27 0 34 65 29 74 3 60 61 83 73 12 33 84 23 10 55 29 71 33 29 95 99 97 21 80 36 40 67 83 1 60 49 36 25 79 9 95 4 70 43 77 49 76 26 38 52 
82 68 90 81 63 50 79 25 71 24 61 77 92 44 79 17 93 81 42 37 90 2 41 25 46 84 40 88 10 79 40 92 12 29 38 75 79 83 67 15 6 94 58 98 3 36 15 63 16 23 100 72 93 7 64 4 57 3 58 67 48 98 24 26 
93 62 68 37 44 34 18 51 27 77 14 98 79 96 60 62 86 25 33 44 99 63 48 56 33 72 22 47 36 47 74 28 75 41 32 19 75 50 36 68 93 50 31 72 46 91 33 31 83 32 41 81 96 89 2 95 60 25 41 96 38 14 91 12 
55 89 98 96 38 33 30 98 84 61 69 96 18 1 93 0 33 33 47 95 88 50 89 47 41 30 9 79 10 66 57 66 54 55 27 58 54 23 55 3 85 23 99 69 91 91 35 91 90 82 51 77 98 40 91 38 36 100 83 46 31 6 78 85 
27 72 8 81 95 30 85 45 19 83 13 10 40 14 67 29 63 17 73 60 23 63 65 59 28 13 72 59 19 15 9 46 87 84 27 48 13 78 59 33 26 73 9 66 53 76 62 15 93 34 42 16 97 73 41 91 86 79 49 5 95 24 17 47 
7 44 61 21 88 20 20 14 59 29 46 11 4 74 94 97 7 35 79 70 74 20 60 59 65 75 64 59 65 48 73 73 58 33 60 46 19 80 60 78 75 72 90 79 46 49 41 19 50 20 56 23 6 82 82 71 57 12 97 21 60 69 60 17 
68 86 63 88 65 89 65 5 27 20 84 73 69 25 58 18 11 13 41 17 96 90 54 18 1 50 39 27 85 66 44 53 51 74 6 83 28 71 88 55 58 38 94 93 63 52 11 40 31 18 57 26 7 10 44 75 27 50 1 11 82 12 30 32 
86 36 81 80 7 35 1 31 73 95 23 1 12 34 41 10 19 64 36 93 40 47 34 67 63 35 45 44 13 75 42 99 11 90 45 18 24 46 49 63 6 72 64 86 73 71 96 58 34 98 16 74 44 50 7 6 52 52 16 65 26 59 30 37 
48 75 21 38 87 70 0 93 8 30 44 47 0 39 71 34 3 87 74 47 3 81 20 55 32 2 19 25 61 49 62 75 90 84 12 76 19 79 69 94 8 79 6 8 18 77 8 21 30 83 34 33 29 20 88 28 90 6 53 50 22 14 92 11 
64 3 54 84 49 89 43 57 67 50 66 51 93 74 72 22 22 73 55 52 59 8 80 48 82 32 65 70 12 22 81 77 92 34 26 40 22 69 98 56 18 29 6 11 2 45 100 92 84 21 43 42 29 89 57 77 87 88 46 99 9 94 75 67 
27 67 7 16 36 4 38 20 33 44 31 1 89 98 93 72 18 1 81 13 90 3 91 42 91 36 41 66 29 82 32 23 49 39 5 85 9 43 71 8 87 2 77 42 66 69 13 84 37 94 97 93 97 87 35 53 90 76 18 18 23 17 7 72 
22 12 22 32 21 94 6 8 62 83 50 94 18 29 77 55 23 39 47 86 93 48 39 82 90 23 66 13 6 74 51 29 52 40 27 74 33 33 48 61 83 64 54 0 93 97 55 82 35 68 34 27 83 73 75 72 62 41 85 35 14 2 64 32 
42 91 5 75 90 19 1 72 83 21 38 76 17 93 23 18 27 57 46 76 96 20 47 24 61 99 59 41 0 22 40 42 79 45 83 34 31 50 73 13 71 10 55 54 70 79 72 63 35 17 38 98 4 85 21 31 83 80 39 49 68 79 91 46 
90 39 80 20 89 52 0 59 29 55 79 99 100 51 61 1 34 99 99 38 49 19 36 99 65 75 47 32 19 4 78 8 43 23 96 99 42 96 23 37 16 2 35 16 53 62 84 87 60 82 92 8 67 27 73 31 1 20 29 20 24 73 95 33 
62 90 31 70 51 55 6 68 57 41 50 9 2 33 62 28 81 53 3 47 80 76 44 81 96 39 67 86 11 62 19 73 17 16 43 35 71 49 2 27 57 18 2 25 51 65 54 98 17 57 44 64 32 54 44 95 93 78 46 70 5 31 42 22 
48 51 57 18 0 25 12 23 9 14 48 26 45 1 23 29 24 33 93 23 87 2 84 45 80 29 14 85 61 57 74 8 74 97 93 74 89 4 63 98 86 11 24 97 79 13 25 3 47 84 26 33 87 9 45 32 4 59 84 65 82 57 39 56 
19 32 96 74 2 59 72 88 70 62 85 48 41 76 17 88 60 9 88 12 18 32 44 23 91 27 54 73 50 94 95 70 25 90 43 94 48 81 82 84 8 32 99 50 74 15 37 33 25 91 45 9 22 90 99 80 83 53 18 33 12 12 2 3 
1 11 97 16 93 44 100 67 76 64 16 16 46 20 49 71 10 61 46 33 16 45 79 99 64 97 31 42 8 100 45 76 78 41 92 36 52 58 2 94 21 86 9 33 5 59 3 15 86 16 14 1 27 93 66 57 89 64 99 63 29 43 39 6 
50 97 42 1 20 11 96 8 97 4 41 1 29 11 16 81 94 98 82 20 90 14 77 45 78 75 7 6 84 12 80 100 76 21 68 62 32 63 70 28 33 78 96 29 89 79 9 82 76 58 68 31 38 10 76 15 51 50 88 34 62 67 33 3 
55 67 66 53 29 1 48 29 79 43 24 33 88 100 81 63 57 48 95 95 58 70 76 8 19 30 8 48 63 8 51 17 75 83 37 71 85 85 66 63 94 90 63 82 89 43 10 12 92 4 73 15 41 15 91 26 45 99 40 7 73 92 92 48 
40 95 85 24 79 50 54 38 5 16 86 60 25 97 72 83 67 11 99 7 26 55 0 37 19 40 10 93 98 68 6 38 62 91 28 40 6 82 45 11 64 30 71 90 93 9 72 60 20 36 33 12 91 33 49 10 74 25 69 71 94 75 8 55 
31 3 62 37 51 73 48 15 2 85 71 62 94 42 21 80 45 54 92 35 88 6 11 61 99 80 98 92 54 73 12 85 76 74 88 26 46 1 7 15 87 78 77 80 87 98 26 31 17 17 66 4 91 44 31 89 23 29 46 44 68 58 95 43 
32 83 35 44 84 43 59 36 87 1 16 73 65 42 3 83 25 36 53 82 80 85 70 69 80 15 12 47 74 74 56 72 56 57 15 5 66 41 42 53 42 24 25 7 32 96 56 23 31 8 5 77 93 41 45 38 57 24 51 97 98 73 34 19 
30 49 24 96 56 32 14 99 56 6 72 88 1 27 11 99 35 83 41 95 23 86 32 46 9 50 42 73 22 42 92 52 92 16 14 13 14 95 11 71 0 49 24 1 76 1 66 78 84 6 72 74 59 70 19 68 19 28 7 42 70 99 60 27 
81 40 41 96 35 18 66 35 68 56 3 9 58 69 87 7 42 58 81 0 95 0 34 13 28 41 55 64 40 82 92 20 21 99 15 56 16 47 92 84 3 95 60 61 29 46 68 71 71 15 71 65 15 5 44 9 46 66 39 86 47 97 73 68 
95 88 91 11 35 82 61 4 42 20 65 71 33 99 8 3 80 79 34 95 50 78 70 97 43 9 48 90 5 87 24 67 75 14 78 76 62 4 80 3 92 10 40 24 75 48 94 55 94 27 15 43 71 52 5 14 61 20 70 32 6 60 65 81 
40 42 22 1 13 68 71 4 78 11 95 19 25 88 74 18 14 55 28 51 6 33 65 33 53 1 32 60 61 97 6 1 5 29 69 18 97 40 89 41 51 83 26 42 36 66 61 16 20 89 67 27 88 32 60 41 100 92 67 60 55 73 27 60 
1 97 44 65 2 32 72 53 81 98 61 16 63 21 32 49 76 99 76 64 97 2 71 96 60 37 22 14 9 15 40 78 78 84 8 80 15 46 99 62 9 60 78 72 47 76 87 23 41 63 53 37 31 90 100 91 26 88 72 1 2 11 45 47 
96 53 26 77 65 92 5 74 51 83 11 64 25 99 87 66 61 5 2 58 95 68 48 87 55 86 55 24 64 100 71 25 19 63 68 84 20 73 58 37 56 69 1 47 67 54 12 94 60 14 51 20 83 66 74 3 51 28 94 14 27 30 5 12 
60 74 97 80 46 54 17 68 22 18 14 56 72 26 49 98 7 0 85 90 32 58 59 83 52 53 64 45 83 69 58 42 42 54 89 55 74 5 22 62 90 37 17 61 63 33 25 70 100 9 25 31 67 51 80 85 3 43 29 52 79 87 61 87 
40 49 41 13 20 30 42 9 67 59 36 96 92 61 66 91 70 57 21 2 7 1 87 77 10 83 96 55 69 22 8 76 37 49 55 57 79 97 32 11 56 68 7 13 96 39 4 65 96 92 34 70 59 87 12 36 69 74 57 38 96 65 13 32 
81 34 55 25 31 53 37 87 21 10 100 16 49 70 47 10 28 47 46 53 0 59 55 69 32 12 73 95 77 52 93 57 87 48 83 17 0 86 70 88 96 35 70 10 72 84 20 100 30 33 18 30 92 74 66 90 52 38 50 28 57 43 52 43 
